Timestamp_us	TTI	Slot	Frame	Numerology	Grant_Size	Bytes_Built	MCE_Type	BSR_LCG	LCG_0	LCG_1	LCG_2	LCG_3	LCG_4	LCG_5	LCG_6	LCG_7
75729648702237799	2130	0	213	0	32	19	61	0	0	-1	-1	-1	-1	-1	-1	-1
75729648702237799	2149	9	214	0	32	2	61	0	0	-1	-1	-1	-1	-1	-1	-1
75729648702237799	2556	6	255	0	32	5	57	0	0	-1	-1	-1	-1	-1	-1	-1
75729648702237799	3359	9	335	0	54	5	57	0	0	-1	-1	-1	-1	-1	-1	-1
75729648702237799	3676	6	367	0	54	5	57	0	0	-1	-1	-1	-1	-1	-1	-1
75729648702237799	3836	6	383	0	54	5	57	0	0	-1	-1	-1	-1	-1	-1	-1
75729648702237799	3850	0	385	0	101	88	61	0	0	-1	-1	-1	-1	-1	-1	-1
75729648702237799	3859	9	385	0	69	2	61	0	0	-1	-1	-1	-1	-1	-1	-1
75729648702237799	4316	6	431	0	54	5	57	0	0	-1	-1	-1	-1	-1	-1	-1
75729648702237799	4636	6	463	0	54	5	57	0	0	-1	-1	-1	-1	-1	-1	-1
75729648702237799	4956	6	495	0	54	5	57	0	0	-1	-1	-1	-1	-1	-1	-1
75729648702237799	5276	6	527	0	54	5	57	0	0	-1	-1	-1	-1	-1	-1	-1
75729648702237799	5436	6	543	0	54	5	57	0	0	-1	-1	-1	-1	-1	-1	-1
75729648702237799	5450	0	545	0	63	63	61	4	4	-1	-1	-1	-1	-1	-1	-1
75729648702237799	5456	6	545	0	92	34	61	0	0	-1	-1	-1	-1	-1	-1	-1
75729648737739386	5465	5	546	0	123	2	61	0	0	-1	-1	-1	-1	-1	-1	-1
75729648737739386	6072	2	607	0	69	69	57	4	9	-1	-1	-1	-1	-1	-1	-1
75729648737739386	6078	8	607	0	185	149	61	0	0	-1	-1	-1	-1	-1	-1	-1
75729648737739386	6090	0	609	0	88	88	61	4	5	-1	-1	-1	-1	-1	-1	-1
75729648737739386	6096	6	609	0	111	111	61	4	6	-1	-1	-1	-1	-1	-1	-1
75729648737739386	6102	2	610	0	111	111	0	-1	-1	-1	-1	-1	-1	-1	-1	-1
75729648737739386	6108	8	610	0	129	129	61	4	20	-1	-1	-1	-1	-1	-1	-1
75729648737739386	6112	2	611	0	111	111	0	-1	-1	-1	-1	-1	-1	-1	-1	-1
75729648737739386	6114	4	611	0	1345	1345	61	4	18	-1	-1	-1	-1	-1	-1	-1
75729648737739386	6115	5	611	0	1121	1121	0	-1	-1	-1	-1	-1	-1	-1	-1	-1
75729648737739386	6116	6	611	0	1121	1121	0	-1	-1	-1	-1	-1	-1	-1	-1	-1
75729648737739386	6117	7	611	0	1345	1345	0	-1	-1	-1	-1	-1	-1	-1	-1	-1
75729648737739386	6118	8	611	0	437	437	62	16	78	-1	-1	-1	-1	-1	-1	-1
75729648737739386	6124	4	612	0	1345	1288	61	0	0	-1	-1	-1	-1	-1	-1	-1
75729648737739386	6126	6	612	0	153	3	62	0	-1	-1	-1	-1	-1	-1	-1	-1
75729648741202900	6142	2	614	0	101	101	61	4	21	-1	-1	-1	-1	-1	-1	-1
75729648741202900	6148	8	614	0	1537	1537	61	4	22	-1	-1	-1	-1	-1	-1	-1
75729648741202900	6149	9	614	0	784	784	0	-1	-1	-1	-1	-1	-1	-1	-1	-1
75729648741202900	6150	0	615	0	784	784	0	-1	-1	-1	-1	-1	-1	-1	-1	-1
75729648741202900	6151	1	615	0	784	784	0	-1	-1	-1	-1	-1	-1	-1	-1	-1
75729648741202900	6152	2	615	0	784	784	0	-1	-1	-1	-1	-1	-1	-1	-1	-1
75729648741202900	6153	3	615	0	944	944	61	4	19	-1	-1	-1	-1	-1	-1	-1
75729648741202900	6154	4	615	0	1008	1008	0	-1	-1	-1	-1	-1	-1	-1	-1	-1
75729648741202900	6155	5	615	0	1345	1345	0	-1	-1	-1	-1	-1	-1	-1	-1	-1
75729648741202900	6156	6	615	0	1537	1537	0	-1	-1	-1	-1	-1	-1	-1	-1	-1
75729648741202900	6157	7	615	0	1345	1145	62	0	-1	-1	-1	-1	-1	-1	-1	-1
75729648741202900	6158	8	615	0	1345	3	62	0	-1	-1	-1	-1	-1	-1	-1	-1
75729648741202900	6166	6	616	0	111	2	61	0	0	-1	-1	-1	-1	-1	-1	-1
75729648741202900	6185	5	618	0	92	91	57	4	15	-1	-1	-1	-1	-1	-1	-1
75729648741202900	6191	1	619	0	1185	1168	61	0	0	-1	-1	-1	-1	-1	-1	-1
75729648746237738	6208	8	620	0	111	111	61	4	17	-1	-1	-1	-1	-1	-1	-1
75729648746237738	6214	4	621	0	1537	1537	61	4	7	-1	-1	-1	-1	-1	-1	-1
75729648746237738	6215	5	621	0	129	65	62	0	-1	-1	-1	-1	-1	-1	-1	-1
75729648746237738	6216	6	621	0	388	3	62	0	-1	-1	-1	-1	-1	-1	-1	-1
75729648746237738	6230	0	623	0	111	111	61	4	15	-1	-1	-1	-1	-1	-1	-1
75729648746237738	6236	6	623	0	1185	962	61	0	0	-1	-1	-1	-1	-1	-1	-1
75729648746237738	6241	1	624	0	123	2	61	0	0	-1	-1	-1	-1	-1	-1	-1
75729648746237738	6250	0	625	0	101	99	61	0	0	-1	-1	-1	-1	-1	-1	-1
75729648746237738	6260	0	626	0	101	2	61	0	0	-1	-1	-1	-1	-1	-1	-1
75729648746237738	6290	0	629	0	80	80	57	4	21	-1	-1	-1	-1	-1	-1	-1
75729648746237738	6296	6	629	0	784	784	61	4	20	-1	-1	-1	-1	-1	-1	-1
75729648746237738	6297	7	629	0	1697	1697	0	-1	-1	-1	-1	-1	-1	-1	-1	-1
75729648746237738	6298	8	629	0	1921	1921	0	-1	-1	-1	-1	-1	-1	-1	-1	-1
75729648746237738	6299	9	629	0	1921	1375	62	0	-1	-1	-1	-1	-1	-1	-1	-1
75729648746237738	6300	0	630	0	1377	3	62	0	-1	-1	-1	-1	-1	-1	-1	-1
75729648791066500	6304	4	630	0	1921	1921	0	-1	-1	-1	-1	-1	-1	-1	-1	-1
75729648791066500	6310	0	631	0	123	2	61	0	0	-1	-1	-1	-1	-1	-1	-1
75729648791066500	6313	3	631	0	111	3	62	0	-1	-1	-1	-1	-1	-1	-1	-1
75729648791066500	6330	0	633	0	111	7	61	0	0	-1	-1	-1	-1	-1	-1	-1
75729648791066500	6346	6	634	0	101	101	61	4	15	-1	-1	-1	-1	-1	-1	-1
75729648791066500	6352	2	635	0	1281	1030	61	0	0	-1	-1	-1	-1	-1	-1	-1
75729648791066500	6370	0	637	0	111	7	61	0	0	-1	-1	-1	-1	-1	-1	-1
75729648791066500	6379	9	637	0	111	2	61	0	0	-1	-1	-1	-1	-1	-1	-1
75729648791066500	6410	0	641	0	69	10	57	0	0	-1	-1	-1	-1	-1	-1	-1
75729648791066500	7036	6	703	0	54	5	57	0	0	-1	-1	-1	-1	-1	-1	-1
75729648791066500	7110	0	711	0	69	69	61	4	9	-1	-1	-1	-1	-1	-1	-1
75729648791066500	7116	6	711	0	153	146	61	0	0	-1	-1	-1	-1	-1	-1	-1
75729648791066500	7127	7	712	0	123	7	61	0	0	-1	-1	-1	-1	-1	-1	-1
75729648791066500	7150	0	715	0	80	80	57	4	20	-1	-1	-1	-1	-1	-1	-1
75729648791066500	7156	6	715	0	489	489	61	4	20	-1	-1	-1	-1	-1	-1	-1
75729648794734755	7159	9	715	0	1345	1345	0	-1	-1	-1	-1	-1	-1	-1	-1	-1
75729648794734755	7160	0	716	0	960	960	0	-1	-1	-1	-1	-1	-1	-1	-1	-1
75729648794734755	7161	1	716	0	504	504	61	4	16	-1	-1	-1	-1	-1	-1	-1
75729648794734755	7162	2	716	0	1121	1121	0	-1	-1	-1	-1	-1	-1	-1	-1	-1
75729648794734755	7164	4	716	0	848	418	62	0	-1	-1	-1	-1	-1	-1	-1	-1
75729648794734755	7165	5	716	0	800	3	62	0	-1	-1	-1	-1	-1	-1	-1	-1
75729648794734755	7166	6	716	0	960	960	0	-1	-1	-1	-1	-1	-1	-1	-1	-1
75729648794734755	7171	1	717	0	800	800	0	-1	-1	-1	-1	-1	-1	-1	-1	-1
75729648794734755	7186	6	718	0	101	88	61	0	0	-1	-1	-1	-1	-1	-1	-1
75729648794734755	7192	2	719	0	101	101	0	-1	-1	-1	-1	-1	-1	-1	-1	-1
75729648794734755	7210	0	721	0	63	63	61	4	8	-1	-1	-1	-1	-1	-1	-1
75729648794734755	7216	6	721	0	129	129	61	4	17	-1	-1	-1	-1	-1	-1	-1
75729648794734755	7219	9	721	0	88	88	0	-1	-1	-1	-1	-1	-1	-1	-1	-1
75729648794734755	7222	2	722	0	1121	1121	61	4	14	-1	-1	-1	-1	-1	-1	-1
75729648794734755	7223	3	722	0	864	575	62	0	-1	-1	-1	-1	-1	-1	-1	-1
75729648801646427	7229	9	722	0	864	864	0	-1	-1	-1	-1	-1	-1	-1	-1	-1
75729648801646427	7240	0	724	0	101	101	61	4	10	-1	-1	-1	-1	-1	-1	-1
75729648801646427	7246	6	724	0	225	225	61	4	2	-1	-1	-1	-1	-1	-1	-1
75729648801646427	7252	2	725	0	92	92	57	4	3	-1	-1	-1	-1	-1	-1	-1
75729648801646427	7258	8	725	0	111	29	61	0	0	-1	-1	-1	-1	-1	-1	-1
75729648801646427	7267	7	726	0	32	2	61	0	0	-1	-1	-1	-1	-1	-1	-1
75729648801646427	7290	0	729	0	80	80	61	4	3	-1	-1	-1	-1	-1	-1	-1
75729648801646427	7296	6	729	0	88	25	61	0	0	-1	-1	-1	-1	-1	-1	-1
75729648801646427	7305	5	730	0	69	2	61	0	0	-1	-1	-1	-1	-1	-1	-1
75729648801646427	7350	0	735	0	69	69	61	4	17	-1	-1	-1	-1	-1	-1	-1
75729648801646427	7356	6	735	0	405	405	57	4	17	-1	-1	-1	-1	-1	-1	-1
75729648801646427	7357	7	735	0	341	341	0	-1	-1	-1	-1	-1	-1	-1	-1	-1
75729648801646427	7358	8	735	0	405	405	0	-1	-1	-1	-1	-1	-1	-1	-1	-1
75729648801646427	7359	9	735	0	341	341	0	-1	-1	-1	-1	-1	-1	-1	-1	-1
75729648801646427	7360	0	736	0	388	388	0	-1	-1	-1	-1	-1	-1	-1	-1	-1
75729648808406394	7361	1	736	0	169	164	61	0	0	-1	-1	-1	-1	-1	-1	-1
75729648808406394	7362	2	736	0	349	3	62	0	-1	-1	-1	-1	-1	-1	-1	-1
75729648808406394	7364	4	736	0	129	3	62	0	-1	-1	-1	-1	-1	-1	-1	-1
75729648808406394	7372	2	737	0	80	2	61	0	0	-1	-1	-1	-1	-1	-1	-1
75729648808406394	7411	1	741	0	54	54	61	4	12	-1	-1	-1	-1	-1	-1	-1
75729648808406394	7417	7	741	0	341	341	61	4	12	-1	-1	-1	-1	-1	-1	-1
75729648808406394	7418	8	741	0	111	111	0	-1	-1	-1	-1	-1	-1	-1	-1	-1
75729648808406394	7423	3	742	0	317	313	61	0	0	-1	-1	-1	-1	-1	-1	-1
75729648808406394	7427	7	742	0	80	8	62	0	-1	-1	-1	-1	-1	-1	-1	-1
75729648808406394	7450	0	745	0	80	80	61	4	12	-1	-1	-1	-1	-1	-1	-1
75729648808406394	7456	6	745	0	437	323	57	0	0	-1	-1	-1	-1	-1	-1	-1
75729648808406394	7471	1	747	0	69	69	61	4	10	-1	-1	-1	-1	-1	-1	-1
75729648808406394	7477	7	747	0	201	201	61	4	9	-1	-1	-1	-1	-1	-1	-1
75729648808406394	7483	3	748	0	157	157	61	4	16	-1	-1	-1	-1	-1	-1	-1
75729648808406394	7489	9	748	0	1008	1008	61	4	11	-1	-1	-1	-1	-1	-1	-1
75729648813236524	7490	0	749	0	405	283	62	0	-1	-1	-1	-1	-1	-1	-1	-1
75729648813236524	7491	1	749	0	92	3	62	0	-1	-1	-1	-1	-1	-1	-1	-1
75729648813236524	7499	9	749	0	101	101	61	4	8	-1	-1	-1	-1	-1	-1	-1
75729648813236524	7505	5	750	0	141	141	61	4	11	-1	-1	-1	-1	-1	-1	-1
75729648813236524	7511	1	751	0	141	141	0	-1	-1	-1	-1	-1	-1	-1	-1	-1
75729648813236524	7517	7	751	0	317	317	61	4	11	-1	-1	-1	-1	-1	-1	-1
75729648813236524	7520	0	752	0	123	123	0	-1	-1	-1	-1	-1	-1	-1	-1	-1
75729648813236524	7523	3	752	0	217	217	61	4	15	-1	-1	-1	-1	-1	-1	-1
75729648813236524	7529	9	752	0	1185	994	61	0	0	-1	-1	-1	-1	-1	-1	-1
75729648813236524	7535	5	753	0	1185	1185	0	-1	-1	-1	-1	-1	-1	-1	-1	-1
75729648813236524	7544	4	754	0	123	7	61	0	0	-1	-1	-1	-1	-1	-1	-1
75729648813236524	7570	0	757	0	111	111	57	4	21	-1	-1	-1	-1	-1	-1	-1
75729648813236524	7577	7	757	0	1008	1008	61	4	21	-1	-1	-1	-1	-1	-1	-1
75729648813236524	7579	9	757	0	800	799	0	-1	-1	-1	-1	-1	-1	-1	-1	-1
75729648813236524	7580	0	758	0	1345	1345	0	-1	-1	-1	-1	-1	-1	-1	-1	-1
75729648815913139	7582	2	758	0	800	800	61	4	19	-1	-1	-1	-1	-1	-1	-1
75729648815913139	7583	3	758	0	1345	1345	0	-1	-1	-1	-1	-1	-1	-1	-1	-1
75729648815913139	7584	4	758	0	1008	1008	0	-1	-1	-1	-1	-1	-1	-1	-1	-1
75729648815913139	7587	7	758	0	1008	1008	61	4	18	-1	-1	-1	-1	-1	-1	-1
75729648815913139	7588	8	758	0	1008	1008	0	-1	-1	-1	-1	-1	-1	-1	-1	-1
75729648815913139	7589	9	758	0	800	800	0	-1	-1	-1	-1	-1	-1	-1	-1	-1
75729648815913139	7590	0	759	0	309	309	0	-1	-1	-1	-1	-1	-1	-1	-1	-1
75729648815913139	7593	3	759	0	752	752	61	4	15	-1	-1	-1	-1	-1	-1	-1
75729648815913139	7599	9	759	0	1008	876	61	0	0	-1	-1	-1	-1	-1	-1	-1
75729648815913139	7600	0	760	0	111	3	62	0	-1	-1	-1	-1	-1	-1	-1	-1
75729648815913139	7606	6	760	0	80	80	61	4	12	-1	-1	-1	-1	-1	-1	-1
75729648815913139	7612	2	761	0	388	388	61	4	13	-1	-1	-1	-1	-1	-1	-1
75729648815913139	7618	8	761	0	640	640	61	4	12	-1	-1	-1	-1	-1	-1	-1
75729648815913139	7624	4	762	0	421	421	61	4	7	-1	-1	-1	-1	-1	-1	-1
75729648815913139	7627	7	762	0	88	70	62	0	-1	-1	-1	-1	-1	-1	-1	-1
