SysFN	SubFN	LCG_0	LCG_1	LCG_2	LCG_3
5060	0	0	0	8
5208	0	0	0	25
5216	0	0	0	27
5221	0	0	0	24
5296	0	0	0	27
5301	0	0	0	23
5628	0	0	0	26
5644	0	0	0	26
5738	0	0	0	26
5761	0	0	0	28
5766	0	0	0	20
5911	0	0	0	26
6268	0	0	0	32
6276	0	0	0	21
6324	0	0	0	18
6348	0	0	0	3
6356	0	0	0	13
6388	0	0	0	29
6396	0	0	0	28
6401	0	0	0	24
6556	0	0	0	25
6629	0	0	0	27
6637	0	0	0	28
6661	0	0	0	1
6711	0	0	0	30
6716	0	0	0	33
6748	0	0	0	27
6861	0	0	0	26
6866	0	0	0	22
6871	0	0	0	10
6978	0	0	0	19
6986	0	0	0	18
7018	0	0	0	26
7281	0	0	0	26
7418	0	0	0	26
7628	0	0	0	20
7652	0	0	0	26
7660	0	0	0	7
7728	0	0	0	26
7771	0	0	0	22
7919	0	0	0	26
7971	0	0	0	27
7976	0	0	0	24
8248	0	0	0	27
8264	0	0	0	30
8286	0	0	0	14
8438	0	0	0	27
8578	0	0	0	23
8586	0	0	0	1
8626	0	0	0	1
8758	0	0	0	26
8791	0	0	0	27
8796	0	0	0	23
8896	0	0	0	19
9229	0	0	0	8
9258	0	0	0	29
9458	0	0	0	27
9545	0	0	0	23
9546	0	0	0	14
9578	0	0	0	3
9768	0	0	0	26
9806	0	0	0	26
9811	0	0	0	23
10188	0	0	0	25
10195	0	0	0	19
230	0	0	0	27
300	0	0	0	8
548	0	0	0	27
596	0	0	0	22
601	0	0	0	4
858	0	0	0	26
941	0	0	0	21
1228	0	0	0	4
1236	0	0	0	17
1251	0	0	0	27
1256	0	0	0	25
1261	0	0	0	23
1538	0	0	0	4
1561	0	0	0	26
1566	0	0	0	21
1571	0	0	0	15
1606	0	0	0	26
1611	0	0	0	22
2168	0	0	0	4
2176	0	0	0	11
2271	0	0	0	26
2505	0	0	0	27
2511	0	0	0	21
2581	0	0	0	26
2586	0	0	0	22
2631	0	0	0	26
2636	0	0	0	22
3298	0	0	0	26
3481	0	0	0	24
3486	0	0	0	19
3608	0	0	0	26
3656	0	0	0	26
3661	0	0	0	22
4141	0	0	0	16
4328	0	0	0	26
4456	0	0	0	19
4628	0	0	0	26
4682	0	0	0	27
4776	0	0	0	23
4781	0	0	0	17
5346	0	0	0	26
5648	0	0	0	26
5696	0	0	0	1
5716	0	0	0	23
6376	0	0	0	26
6381	0	0	0	22
6386	0	0	0	10
6668	0	0	0	29
6691	0	0	0	14
6696	0	0	0	6
6742	0	0	0	26
6988	0	0	0	12
7336	0	0	0	13
7396	0	0	0	27
7618	0	0	0	15
7671	0	0	0	26
7676	0	0	0	21
7758	0	0	0	26
7938	0	0	0	4
7946	0	0	0	18
7978	0	0	0	11
7986	0	0	0	21
8428	0	0	0	26
8578	0	0	0	10
8626	0	0	0	24
8631	0	0	0	21
8708	0	0	0	26
8771	0	0	0	26
8787	0	0	0	4
9098	0	0	0	17
9114	0	0	0	6
9151	0	0	0	16
9272	0	0	0	27
9280	0	0	0	27
9286	0	0	0	17
9381	0	0	0	28
9386	0	0	0	25
9432	0	0	0	26
9451	0	0	0	26
9456	0	0	0	23
9466	0	0	0	20
9521	0	0	0	10
9564	0	0	0	26
9571	0	0	0	47
9577	0	0	0	47
9585	0	0	0	47
9590	0	0	0	31
9621	0	0	0	48
9626	0	0	0	49
9631	0	0	0	52
9636	0	0	0	52
9641	0	0	0	49
9646	0	0	0	44
9661	0	0	0	26
9666	0	0	0	23
9671	0	0	0	32
9676	0	0	0	49
9681	0	0	0	50
9686	0	0	0	52
9691	0	0	0	51
9696	0	0	0	47
9701	0	0	0	37
9712	0	0	0	27
9720	0	0	0	16
9749	0	0	0	23
9766	0	0	0	26
9771	0	0	0	22
9796	0	0	0	26
9801	0	0	0	22
9822	0	0	0	26
9836	0	0	0	29
9841	0	0	0	32
9846	0	0	0	31
9871	0	0	0	26
9876	0	0	0	20
9986	0	0	0	32
9996	0	0	0	26
10001	0	0	0	21
10021	0	0	0	26
10026	0	0	0	31
10031	0	0	0	25
10050	0	0	0	23
10056	0	0	0	27
10061	0	0	0	24
10071	0	0	0	23
10076	0	0	0	11
10086	0	0	0	26
10090	0	0	0	23
10101	0	0	0	26
10106	0	0	0	31
10111	0	0	0	18
10126	0	0	0	26
10131	0	0	0	23
10136	0	0	0	13
10146	0	0	0	26
10151	0	0	0	31
10156	0	0	0	25
10171	0	0	0	27
10176	0	0	0	31
10201	0	0	0	26
10206	0	0	0	22
10222	0	0	0	31
1	0	0	0	26
6	0	0	0	21
16	0	0	0	26
41	0	0	0	32
46	0	0	0	30
52	0	0	0	26
61	0	0	0	26
66	0	0	0	5
83	0	0	0	27
99	0	0	0	26
118	0	0	0	26
134	0	0	0	33
156	0	0	0	26
161	0	0	0	31
166	0	0	0	25
201	0	0	0	26
206	0	0	0	22
211	0	0	0	25
216	0	0	0	30
222	0	0	0	32
236	0	0	0	22
241	0	0	0	4
261	0	0	0	26
266	0	0	0	12
281	0	0	0	26
286	0	0	0	30
291	0	0	0	32
296	0	0	0	24
306	0	0	0	23
311	0	0	0	11
321	0	0	0	26
326	0	0	0	22
346	0	0	0	26
351	0	0	0	4
356	0	0	0	26
361	0	0	0	4
366	0	0	0	26
371	0	0	0	22
376	0	0	0	24
381	0	0	0	17
391	0	0	0	23
410	0	0	0	21
426	0	0	0	27
431	0	0	0	24
441	0	0	0	26
446	0	0	0	29
451	0	0	0	24
456	0	0	0	23
462	0	0	0	29
502	0	0	0	26
511	0	0	0	29
516	0	0	0	26
522	0	0	0	25
530	0	0	0	33
536	0	0	0	30
571	0	0	0	26
576	0	0	0	8
586	0	0	0	22
591	0	0	0	13
596	0	0	0	25
601	0	0	0	30
606	0	0	0	32
611	0	0	0	24
641	0	0	0	26
646	0	0	0	21
656	0	0	0	26
664	0	0	0	28
671	0	0	0	30
676	0	0	0	28
681	0	0	0	26
686	0	0	0	13
701	0	0	0	26
706	0	0	0	23
721	0	0	0	26
746	0	0	0	26
753	0	0	0	31
761	0	0	0	32
766	0	0	0	31
786	0	0	0	26
792	0	0	0	22
826	0	0	0	26
831	0	0	0	29
836	0	0	0	35
841	0	0	0	34
846	0	0	0	26
851	0	0	0	20
996	0	0	0	26
1004	0	0	0	33
1011	0	0	0	28
1026	0	0	0	26
1032	0	0	0	22
1040	0	0	0	28
1046	0	0	0	19
1071	0	0	0	26
1076	0	0	0	9
1081	0	0	0	32
1086	0	0	0	30
1091	0	0	0	16
1101	0	0	0	26
1106	0	0	0	22
1151	0	0	0	26
1156	0	0	0	31
1161	0	0	0	24
1166	0	0	0	34
1171	0	0	0	33
1221	0	0	0	26
1226	0	0	0	23
1233	0	0	0	27
1241	0	0	0	35
1246	0	0	0	34
1366	0	0	0	26
1371	0	0	0	10
1377	0	0	0	28
1385	0	0	0	27
1391	0	0	0	33
1397	0	0	0	32
1431	0	0	0	26
1436	0	0	0	23
1441	0	0	0	26
1446	0	0	0	20
1456	0	0	0	26
1461	0	0	0	26
1471	0	0	0	32
1476	0	0	0	29
1481	0	0	0	26
1491	0	0	0	23
1496	0	0	0	14
1501	0	0	0	27
1506	0	0	0	23
1527	0	0	0	22
1551	0	0	0	26
1556	0	0	0	34
1561	0	0	0	35
1566	0	0	0	18
1601	0	0	0	27
1606	0	0	0	23
1616	0	0	0	26
1621	0	0	0	22
1626	0	0	0	25
1632	0	0	0	34
1681	0	0	0	26
1686	0	0	0	31
1691	0	0	0	33
1696	0	0	0	22
1716	0	0	0	32
1721	0	0	0	31
1747	0	0	0	26
1761	0	0	0	32
1766	0	0	0	31
1788	0	0	0	26
1796	0	0	0	27
1801	0	0	0	24
1806	0	0	0	25
1811	0	0	0	20
1821	0	0	0	26
1827	0	0	0	22
1836	0	0	0	19
1876	0	0	0	26
1881	0	0	0	34
1886	0	0	0	35
1891	0	0	0	20
1906	0	0	0	26
1911	0	0	0	23
1942	0	0	0	27
1957	0	0	0	28
1965	0	0	0	33
1971	0	0	0	34
1976	0	0	0	15
2001	0	0	0	26
2006	0	0	0	19
2036	0	0	0	32
2041	0	0	0	31
2047	0	0	0	22
2055	0	0	0	28
2061	0	0	0	30
2066	0	0	0	24
2101	0	0	0	27
2106	0	0	0	8
2111	0	0	0	24
2116	0	0	0	19
2121	0	0	0	26
2126	0	0	0	31
2131	0	0	0	31
2161	0	0	0	26
2166	0	0	0	11
2184	0	0	0	19
2201	0	0	0	26
2206	0	0	0	25
2211	0	0	0	31
2216	0	0	0	29
2221	0	0	0	22
2226	0	0	0	10
2250	0	0	0	26
2266	0	0	0	26
2271	0	0	0	22
2281	0	0	0	26
2286	0	0	0	23
2296	0	0	0	32
2301	0	0	0	31
2321	0	0	0	26
2326	0	0	0	29
2341	0	0	0	27
2346	0	0	0	23
2369	0	0	0	26
2371	0	0	0	31
2376	0	0	0	29
2391	0	0	0	26
2396	0	0	0	21
2516	0	0	0	26
2523	0	0	0	31
2531	0	0	0	32
2536	0	0	0	31
2541	0	0	0	16
2585	0	0	0	26
2591	0	0	0	29
2596	0	0	0	32
2601	0	0	0	31
2606	0	0	0	23
2611	0	0	0	26
2616	0	0	0	23
2651	0	0	0	26
2656	0	0	0	22
2661	0	0	0	29
2751	0	0	0	26
2756	0	0	0	30
2761	0	0	0	25
2776	0	0	0	26
2781	0	0	0	23
2791	0	0	0	26
2796	0	0	0	21
2801	0	0	0	29
2806	0	0	0	23
2821	0	0	0	26
2826	0	0	0	22
2834	0	0	0	26
2839	0	0	0	12
2846	0	0	0	23
2851	0	0	0	11
2856	0	0	0	27
2863	0	0	0	23
2871	0	0	0	22
2876	0	0	0	4
2891	0	0	0	26
2896	0	0	0	22
2911	0	0	0	32
2916	0	0	0	31
2923	0	0	0	22
2941	0	0	0	26
2946	0	0	0	22
2971	0	0	0	26
2976	0	0	0	31
2984	0	0	0	32
2991	0	0	0	28
3011	0	0	0	26
3016	0	0	0	21
3036	0	0	0	26
3051	0	0	0	26
3056	0	0	0	34
3061	0	0	0	31
3081	0	0	0	26
3086	0	0	0	23
3094	0	0	0	26
3111	0	0	0	27
3116	0	0	0	23
3136	0	0	0	26
3144	0	0	0	28
3151	0	0	0	30
3156	0	0	0	30
3161	0	0	0	28
3167	0	0	0	26
3211	0	0	0	26
3216	0	0	0	22
3221	0	0	0	8
3226	0	0	0	26
3232	0	0	0	31
3240	0	0	0	26
3246	0	0	0	29
3251	0	0	0	25
3376	0	0	0	22
3381	0	0	0	31
3386	0	0	0	29
3391	0	0	0	24
3399	0	0	0	7
3419	0	0	0	26
3446	0	0	0	27
3451	0	0	0	31
3459	0	0	0	27
3466	0	0	0	29
3492	0	0	0	26
3513	0	0	0	22
3533	0	0	0	26
3542	0	0	0	33
3549	0	0	0	35
3555	0	0	0	1
3571	0	0	0	27
3576	0	0	0	22
3611	0	0	0	26
3616	0	0	0	23
3622	0	0	0	35
3637	0	0	0	26
3691	0	0	0	26
3696	0	0	0	23
3704	0	0	0	28
3711	0	0	0	36
3716	0	0	0	34
3753	0	0	0	26
3861	0	0	0	15
3872	0	0	0	21
3880	0	0	0	33
3885	0	0	0	32
3890	0	0	0	29
3950	0	0	0	47
3958	0	0	0	46
3992	0	0	0	41
4000	0	0	0	51
4006	0	0	0	51
4011	0	0	0	51
4016	0	0	0	49
4076	0	0	0	51
4081	0	0	0	49
4086	0	0	0	44
4092	0	0	0	43
4097	0	0	0	45
4102	0	0	0	52
4137	0	0	0	51
4142	0	0	0	52
4147	0	0	0	49
4152	0	0	0	47
4160	0	0	0	48
4165	0	0	0	51
4170	0	0	0	60
4175	0	0	0	60
4180	0	0	0	60
4185	0	0	0	59
4190	0	0	0	59
4195	0	0	0	58
4200	0	0	0	57
4205	0	0	0	56
4211	0	0	0	55
4216	0	0	0	55
4222	0	0	0	53
4227	0	0	0	52
4232	0	0	0	50
4237	0	0	0	47
4242	0	0	0	37
4270	0	0	0	37
4276	0	0	0	36
4588	0	0	0	27
4664	0	0	0	27
4672	0	0	0	47
4680	0	0	0	45
4721	0	0	0	32
4726	0	0	0	49
4731	0	0	0	48
4736	0	0	0	48
4741	0	0	0	45
4746	0	0	0	27
4770	0	0	0	50
4776	0	0	0	52
4781	0	0	0	55
4786	0	0	0	54
4791	0	0	0	52
4796	0	0	0	48
4813	0	0	0	33
4821	0	0	0	52
4826	0	0	0	56
4831	0	0	0	57
4836	0	0	0	58
4841	0	0	0	57
4846	0	0	0	55
4851	0	0	0	54
4856	0	0	0	51
4861	0	0	0	45
4866	0	0	0	25
4871	0	0	0	39
4876	0	0	0	47
4881	0	0	0	49
4886	0	0	0	47
4891	0	0	0	51
4896	0	0	0	53
4901	0	0	0	55
4906	0	0	0	52
4911	0	0	0	53
4916	0	0	0	53
4922	0	0	0	52
4927	0	0	0	49
4932	0	0	0	47
4937	0	0	0	47
4942	0	0	0	45
4947	0	0	0	59
4955	0	0	0	59
4960	0	0	0	61
4965	0	0	0	61
4970	0	0	0	61
4975	0	0	0	61
4981	0	0	0	61
4986	0	0	0	61
4995	0	0	0	61
5000	0	0	0	61
5005	0	0	0	61
5010	0	0	0	61
5015	0	0	0	61
5020	0	0	0	61
5025	0	0	0	60
5030	0	0	0	60
5035	0	0	0	60
5040	0	0	0	60
5045	0	0	0	59
5050	0	0	0	59
5055	0	0	0	59
5060	0	0	0	58
5065	0	0	0	57
5070	0	0	0	58
5075	0	0	0	58
5080	0	0	0	58
5085	0	0	0	58
5090	0	0	0	58
5095	0	0	0	59
5100	0	0	0	59
5105	0	0	0	59
5115	0	0	0	62
5120	0	0	0	63
5125	0	0	0	63
5130	0	0	0	63
5135	0	0	0	63
5140	0	0	0	62
5145	0	0	0	62
5150	0	0	0	62
5155	0	0	0	62
5160	0	0	0	63
5165	0	0	0	63
5170	0	0	0	63
5175	0	0	0	63
5180	0	0	0	63
5185	0	0	0	63
5190	0	0	0	62
5195	0	0	0	62
5200	0	0	0	62
5205	0	0	0	62
5210	0	0	0	62
5215	0	0	0	62
5220	0	0	0	62
5225	0	0	0	62
5230	0	0	0	63
5235	0	0	0	63
5241	0	0	0	63
5246	0	0	0	63
5251	0	0	0	63
5256	0	0	0	63
5261	0	0	0	63
5266	0	0	0	63
5271	0	0	0	63
5276	0	0	0	63
5281	0	0	0	63
5286	0	0	0	63
5291	0	0	0	63
5296	0	0	0	63
5301	0	0	0	63
5306	0	0	0	63
5311	0	0	0	63
5316	0	0	0	63
5321	0	0	0	63
5328	0	0	0	63
5333	0	0	0	63
5338	0	0	0	63
5343	0	0	0	63
5348	0	0	0	63
5353	0	0	0	63
5358	0	0	0	63
5363	0	0	0	63
5368	0	0	0	63
5373	0	0	0	63
5378	0	0	0	63
5383	0	0	0	63
5388	0	0	0	63
5393	0	0	0	63
5398	0	0	0	63
5403	0	0	0	63
5409	0	0	0	63
5414	0	0	0	63
5444	0	0	0	63
5449	0	0	0	63
5455	0	0	0	63
5460	0	0	0	63
5465	0	0	0	63
5470	0	0	0	63
5475	0	0	0	63
5480	0	0	0	63
5485	0	0	0	63
5490	0	0	0	63
5495	0	0	0	63
5500	0	0	0	63
5530	0	0	0	63
5535	0	0	0	63
5540	0	0	0	63
5545	0	0	0	63
5550	0	0	0	63
5555	0	0	0	63
5564	0	0	0	63
5570	0	0	0	63
5575	0	0	0	63
5580	0	0	0	63
5585	0	0	0	63
5590	0	0	0	63
5596	0	0	0	63
5601	0	0	0	63
5606	0	0	0	63
5611	0	0	0	63
5616	0	0	0	63
5621	0	0	0	63
5626	0	0	0	63
5631	0	0	0	63
5636	0	0	0	63
5641	0	0	0	63
5646	0	0	0	63
5651	0	0	0	63
5656	0	0	0	63
5661	0	0	0	63
5667	0	0	0	63
5672	0	0	0	63
5677	0	0	0	63
5682	0	0	0	63
5687	0	0	0	63
5692	0	0	0	63
5697	0	0	0	63
5702	0	0	0	63
5707	0	0	0	63
5712	0	0	0	63
5717	0	0	0	63
5722	0	0	0	63
5727	0	0	0	63
5732	0	0	0	63
5739	0	0	0	63
5744	0	0	0	63
5750	0	0	0	63
5755	0	0	0	63
5760	0	0	0	63
5765	0	0	0	63
5770	0	0	0	63
5775	0	0	0	63
5780	0	0	0	63
5785	0	0	0	63
5790	0	0	0	63
5795	0	0	0	63
5800	0	0	0	63
5805	0	0	0	63
5810	0	0	0	63
5847	0	0	0	63
5852	0	0	0	63
5857	0	0	0	63
5862	0	0	0	63
5867	0	0	0	63
5872	0	0	0	63
5877	0	0	0	63
5882	0	0	0	63
5887	0	0	0	63
5895	0	0	0	63
5900	0	0	0	63
5905	0	0	0	63
5910	0	0	0	63
5915	0	0	0	63
5920	0	0	0	63
5925	0	0	0	63
5930	0	0	0	63
5935	0	0	0	63
5940	0	0	0	63
5945	0	0	0	63
5950	0	0	0	63
5955	0	0	0	63
5962	0	0	0	63
5967	0	0	0	63
5972	0	0	0	63
5977	0	0	0	63
5982	0	0	0	63
5987	0	0	0	63
5992	0	0	0	63
5997	0	0	0	63
6002	0	0	0	63
6007	0	0	0	63
6012	0	0	0	63
6017	0	0	0	63
6022	0	0	0	63
6028	0	0	0	63
6033	0	0	0	63
6038	0	0	0	63
6043	0	0	0	63
6048	0	0	0	63
6053	0	0	0	63
6058	0	0	0	63
6063	0	0	0	63
6093	0	0	0	63
6098	0	0	0	63
6103	0	0	0	63
6108	0	0	0	63
6113	0	0	0	63
6120	0	0	0	63
6125	0	0	0	63
6130	0	0	0	63
6135	0	0	0	63
6140	0	0	0	63
6147	0	0	0	63
6177	0	0	0	63
6183	0	0	0	63
6188	0	0	0	63
6193	0	0	0	63
6198	0	0	0	63
6203	0	0	0	63
6208	0	0	0	63
6213	0	0	0	63
6220	0	0	0	63
6225	0	0	0	63
6230	0	0	0	63
6235	0	0	0	63
6240	0	0	0	63
6245	0	0	0	63
6250	0	0	0	63
6255	0	0	0	63
6260	0	0	0	63
6265	0	0	0	63
6270	0	0	0	63
6275	0	0	0	63
6280	0	0	0	63
6285	0	0	0	63
6290	0	0	0	63
6295	0	0	0	63
6300	0	0	0	63
6305	0	0	0	63
6310	0	0	0	63
6317	0	0	0	63
6322	0	0	0	63
6327	0	0	0	63
6332	0	0	0	63
6337	0	0	0	63
6342	0	0	0	63
6347	0	0	0	63
6352	0	0	0	63
6357	0	0	0	63
6363	0	0	0	63
6368	0	0	0	63
6373	0	0	0	63
6378	0	0	0	63
6383	0	0	0	63
6388	0	0	0	63
6397	0	0	0	63
6402	0	0	0	63
6407	0	0	0	63
6412	0	0	0	63
6417	0	0	0	63
6422	0	0	0	63
6427	0	0	0	63
6433	0	0	0	63
6438	0	0	0	63
6443	0	0	0	63
6448	0	0	0	63
6453	0	0	0	63
6458	0	0	0	63
6463	0	0	0	63
6468	0	0	0	63
6473	0	0	0	63
6478	0	0	0	63
6483	0	0	0	63
6488	0	0	0	63
6493	0	0	0	63
6498	0	0	0	63
6503	0	0	0	63
6508	0	0	0	63
6513	0	0	0	63
6518	0	0	0	63
6523	0	0	0	63
6528	0	0	0	63
6535	0	0	0	63
6540	0	0	0	63
6545	0	0	0	63
6550	0	0	0	63
6552	0	0	0	63
6557	0	0	0	63
6562	0	0	0	63
6567	0	0	0	63
6572	0	0	0	63
6577	0	0	0	63
6582	0	0	0	63
6587	0	0	0	63
6592	0	0	0	63
6598	0	0	0	63
6603	0	0	0	63
6608	0	0	0	63
6613	0	0	0	63
6618	0	0	0	63
6623	0	0	0	63
6628	0	0	0	63
6633	0	0	0	63
6639	0	0	0	63
6644	0	0	0	63
6650	0	0	0	63
6655	0	0	0	63
6660	0	0	0	63
6665	0	0	0	63
6670	0	0	0	63
6677	0	0	0	63
6682	0	0	0	63
6687	0	0	0	63
6692	0	0	0	63
6697	0	0	0	63
6702	0	0	0	63
6707	0	0	0	63
6712	0	0	0	63
6717	0	0	0	63
6722	0	0	0	63
6728	0	0	0	63
6733	0	0	0	63
6738	0	0	0	63
6743	0	0	0	63
6748	0	0	0	63
6753	0	0	0	63
6758	0	0	0	63
6763	0	0	0	63
6768	0	0	0	63
6800	0	0	0	63
6806	0	0	0	63
6811	0	0	0	63
6816	0	0	0	63
6821	0	0	0	63
6826	0	0	0	63
6831	0	0	0	63
6836	0	0	0	63
6846	0	0	0	63
6851	0	0	0	63
6856	0	0	0	63
6861	0	0	0	63
6866	0	0	0	63
6871	0	0	0	63
6876	0	0	0	63
6881	0	0	0	63
6886	0	0	0	63
6891	0	0	0	63
6896	0	0	0	63
6901	0	0	0	63
6906	0	0	0	63
6911	0	0	0	63
6916	0	0	0	63
6926	0	0	0	63
6931	0	0	0	63
6936	0	0	0	63
6966	0	0	0	63
6971	0	0	0	63
6976	0	0	0	63
6981	0	0	0	63
6986	0	0	0	63
6991	0	0	0	63
6996	0	0	0	63
7001	0	0	0	63
7006	0	0	0	63
7011	0	0	0	63
7016	0	0	0	63
7021	0	0	0	63
7026	0	0	0	63
7032	0	0	0	63
7037	0	0	0	63
7042	0	0	0	63
7049	0	0	0	63
7054	0	0	0	63
7059	0	0	0	63
7064	0	0	0	63
7069	0	0	0	63
7074	0	0	0	63
7079	0	0	0	63
7084	0	0	0	63
7089	0	0	0	63
7094	0	0	0	63
7099	0	0	0	63
7104	0	0	0	63
7109	0	0	0	63
7114	0	0	0	63
7119	0	0	0	63
7124	0	0	0	63
7129	0	0	0	63
7134	0	0	0	63
7139	0	0	0	63
7144	0	0	0	63
7149	0	0	0	63
7154	0	0	0	63
7159	0	0	0	63
7164	0	0	0	63
7174	0	0	0	63
7180	0	0	0	63
7185	0	0	0	63
7190	0	0	0	63
7195	0	0	0	63
7200	0	0	0	63
7205	0	0	0	63
7210	0	0	0	63
7215	0	0	0	63
7220	0	0	0	63
7225	0	0	0	63
7230	0	0	0	63
7235	0	0	0	63
7240	0	0	0	63
7245	0	0	0	63
7250	0	0	0	63
7255	0	0	0	63
7260	0	0	0	63
7266	0	0	0	63
7271	0	0	0	63
7276	0	0	0	63
7281	0	0	0	63
7286	0	0	0	63
7292	0	0	0	63
7297	0	0	0	63
7302	0	0	0	63
7308	0	0	0	63
7313	0	0	0	63
7318	0	0	0	63
7323	0	0	0	63
7328	0	0	0	63
7333	0	0	0	63
7338	0	0	0	63
7343	0	0	0	63
7348	0	0	0	63
7353	0	0	0	63
7358	0	0	0	63
7363	0	0	0	63
7369	0	0	0	63
7375	0	0	0	63
7380	0	0	0	63
7385	0	0	0	63
7390	0	0	0	63
7396	0	0	0	63
7401	0	0	0	63
7406	0	0	0	63
7411	0	0	0	63
7416	0	0	0	63
7421	0	0	0	63
7426	0	0	0	63
7431	0	0	0	63
7436	0	0	0	63
7441	0	0	0	63
7446	0	0	0	63
7451	0	0	0	63
7456	0	0	0	63
7461	0	0	0	63
7466	0	0	0	63
7472	0	0	0	63
7477	0	0	0	63
7482	0	0	0	63
7487	0	0	0	63
7492	0	0	0	63
7497	0	0	0	63
7502	0	0	0	63
7507	0	0	0	63
7512	0	0	0	63
7517	0	0	0	63
7547	0	0	0	63
7552	0	0	0	63
7557	0	0	0	63
7562	0	0	0	63
7567	0	0	0	63
7572	0	0	0	63
7577	0	0	0	63
7583	0	0	0	63
7588	0	0	0	63
7593	0	0	0	63
7598	0	0	0	63
7603	0	0	0	63
7608	0	0	0	63
7613	0	0	0	63
7618	0	0	0	63
7623	0	0	0	63
7628	0	0	0	63
7633	0	0	0	63
7638	0	0	0	63
7643	0	0	0	63
7648	0	0	0	63
7653	0	0	0	63
7660	0	0	0	63
7665	0	0	0	63
7670	0	0	0	63
7675	0	0	0	63
7680	0	0	0	63
7685	0	0	0	63
7690	0	0	0	63
7695	0	0	0	63
7700	0	0	0	63
7705	0	0	0	63
7710	0	0	0	63
7715	0	0	0	63
7720	0	0	0	63
7725	0	0	0	63
7730	0	0	0	63
7735	0	0	0	63
7740	0	0	0	63
7745	0	0	0	63
7754	0	0	0	63
7760	0	0	0	63
7765	0	0	0	63
7770	0	0	0	63
7775	0	0	0	63
7780	0	0	0	63
7785	0	0	0	63
7790	0	0	0	63
7795	0	0	0	63
7800	0	0	0	63
7805	0	0	0	63
7810	0	0	0	63
7815	0	0	0	63
7820	0	0	0	63
7825	0	0	0	63
7830	0	0	0	63
7835	0	0	0	63
7840	0	0	0	63
7845	0	0	0	63
7851	0	0	0	63
7856	0	0	0	63
7861	0	0	0	63
7866	0	0	0	63
7871	0	0	0	63
7876	0	0	0	63
7881	0	0	0	63
7886	0	0	0	63
7891	0	0	0	63
7896	0	0	0	63
7902	0	0	0	63
7937	0	0	0	63
7942	0	0	0	63
7947	0	0	0	63
7952	0	0	0	63
7957	0	0	0	63
7962	0	0	0	63
7967	0	0	0	63
7972	0	0	0	63
7977	0	0	0	63
7982	0	0	0	63
7987	0	0	0	63
7992	0	0	0	63
7997	0	0	0	63
8002	0	0	0	63
8007	0	0	0	63
8012	0	0	0	63
8017	0	0	0	63
8022	0	0	0	63
8027	0	0	0	63
8032	0	0	0	63
8037	0	0	0	63
8042	0	0	0	63
8047	0	0	0	63
8056	0	0	0	63
8061	0	0	0	63
8066	0	0	0	63
8071	0	0	0	63
8076	0	0	0	63
8081	0	0	0	63
8086	0	0	0	63
8091	0	0	0	63
8096	0	0	0	63
8101	0	0	0	63
8106	0	0	0	63
8111	0	0	0	63
8116	0	0	0	63
8121	0	0	0	63
8126	0	0	0	63
8131	0	0	0	63
8136	0	0	0	63
8141	0	0	0	63
8146	0	0	0	63
8151	0	0	0	63
8156	0	0	0	63
8161	0	0	0	63
8166	0	0	0	63
8171	0	0	0	63
8176	0	0	0	63
8181	0	0	0	63
8186	0	0	0	63
8191	0	0	0	63
8196	0	0	0	63
8201	0	0	0	63
8206	0	0	0	63
8211	0	0	0	63
8216	0	0	0	63
8221	0	0	0	63
8226	0	0	0	63
8231	0	0	0	63
8236	0	0	0	63
8241	0	0	0	63
8246	0	0	0	63
8251	0	0	0	63
8256	0	0	0	63
8261	0	0	0	63
8266	0	0	0	63
8271	0	0	0	63
8276	0	0	0	63
8281	0	0	0	63
8286	0	0	0	63
8291	0	0	0	63
8296	0	0	0	63
8301	0	0	0	63
8306	0	0	0	63
8311	0	0	0	63
8316	0	0	0	63
8321	0	0	0	63
8326	0	0	0	63
8331	0	0	0	63
8336	0	0	0	63
8341	0	0	0	63
8346	0	0	0	63
8351	0	0	0	63
8356	0	0	0	63
8361	0	0	0	63
8366	0	0	0	63
8371	0	0	0	63
8376	0	0	0	63
8381	0	0	0	63
8386	0	0	0	63
8391	0	0	0	63
8396	0	0	0	63
8401	0	0	0	63
8406	0	0	0	63
8411	0	0	0	63
8416	0	0	0	63
8421	0	0	0	63
8426	0	0	0	63
8431	0	0	0	63
8436	0	0	0	63
8441	0	0	0	63
8446	0	0	0	63
8451	0	0	0	63
8456	0	0	0	63
8464	0	0	0	63
8469	0	0	0	63
8474	0	0	0	63
8479	0	0	0	63
8484	0	0	0	63
8489	0	0	0	63
8494	0	0	0	63
8499	0	0	0	63
8504	0	0	0	63
8510	0	0	0	63
8515	0	0	0	63
8521	0	0	0	63
8526	0	0	0	63
8531	0	0	0	63
8536	0	0	0	63
8541	0	0	0	63
8546	0	0	0	63
8551	0	0	0	63
8556	0	0	0	63
8561	0	0	0	63
8566	0	0	0	63
8571	0	0	0	63
8576	0	0	0	63
8581	0	0	0	63
8586	0	0	0	63
8591	0	0	0	63
8596	0	0	0	63
8601	0	0	0	63
8606	0	0	0	63
8615	0	0	0	63
8620	0	0	0	63
8625	0	0	0	63
8630	0	0	0	63
8635	0	0	0	63
8640	0	0	0	63
8645	0	0	0	63
8650	0	0	0	63
8655	0	0	0	63
8685	0	0	0	63
8690	0	0	0	63
8695	0	0	0	63
8700	0	0	0	63
8705	0	0	0	63
8710	0	0	0	63
8715	0	0	0	63
8720	0	0	0	63
8725	0	0	0	63
8730	0	0	0	63
8735	0	0	0	63
8740	0	0	0	63
8745	0	0	0	63
8750	0	0	0	63
8755	0	0	0	63
8760	0	0	0	63
8765	0	0	0	63
8770	0	0	0	63
8775	0	0	0	63
8780	0	0	0	63
8785	0	0	0	63
8790	0	0	0	63
8795	0	0	0	63
8800	0	0	0	63
8805	0	0	0	63
8811	0	0	0	63
8816	0	0	0	63
8821	0	0	0	63
8826	0	0	0	63
8831	0	0	0	63
8836	0	0	0	63
8841	0	0	0	63
8846	0	0	0	63
8851	0	0	0	63
8856	0	0	0	63
8861	0	0	0	63
8866	0	0	0	63
8871	0	0	0	63
8876	0	0	0	63
8881	0	0	0	63
8886	0	0	0	63
8891	0	0	0	63
8896	0	0	0	63
8901	0	0	0	63
8906	0	0	0	63
8911	0	0	0	63
8916	0	0	0	63
8921	0	0	0	63
8926	0	0	0	63
8931	0	0	0	63
8936	0	0	0	63
8941	0	0	0	63
8946	0	0	0	63
8952	0	0	0	63
8957	0	0	0	63
8962	0	0	0	63
8967	0	0	0	63
8972	0	0	0	63
8977	0	0	0	63
8982	0	0	0	63
8987	0	0	0	63
8992	0	0	0	63
8997	0	0	0	63
9002	0	0	0	63
9007	0	0	0	63
9012	0	0	0	63
9017	0	0	0	63
9022	0	0	0	63
9027	0	0	0	63
9032	0	0	0	63
9037	0	0	0	63
9042	0	0	0	63
9047	0	0	0	63
9052	0	0	0	63
9057	0	0	0	63
9062	0	0	0	63
9069	0	0	0	63
9074	0	0	0	63
9079	0	0	0	63
9084	0	0	0	63
9090	0	0	0	63
9095	0	0	0	63
9160	0	0	0	63
9165	0	0	0	63
9170	0	0	0	63
9175	0	0	0	63
9180	0	0	0	63
9185	0	0	0	63
9190	0	0	0	63
9195	0	0	0	63
9200	0	0	0	63
9205	0	0	0	63
9210	0	0	0	63
9215	0	0	0	63
9220	0	0	0	63
9225	0	0	0	63
9230	0	0	0	63
9235	0	0	0	63
9240	0	0	0	63
9245	0	0	0	63
9250	0	0	0	63
9255	0	0	0	63
9260	0	0	0	63
9265	0	0	0	63
9270	0	0	0	63
9275	0	0	0	63
9280	0	0	0	63
9285	0	0	0	63
9290	0	0	0	63
9295	0	0	0	63
9300	0	0	0	63
9305	0	0	0	63
9310	0	0	0	63
9315	0	0	0	63
9320	0	0	0	63
9328	0	0	0	63
9333	0	0	0	63
9338	0	0	0	63
9343	0	0	0	63
9349	0	0	0	63
9354	0	0	0	63
9359	0	0	0	63
9365	0	0	0	63
9370	0	0	0	63
9375	0	0	0	63
9381	0	0	0	63
9386	0	0	0	63
9391	0	0	0	63
9396	0	0	0	63
9401	0	0	0	63
9406	0	0	0	63
9411	0	0	0	63
9416	0	0	0	63
9421	0	0	0	63
9426	0	0	0	63
9431	0	0	0	63
9436	0	0	0	63
9441	0	0	0	63
9446	0	0	0	63
9451	0	0	0	63
9456	0	0	0	63
9461	0	0	0	63
9466	0	0	0	63
9471	0	0	0	63
9476	0	0	0	63
9481	0	0	0	63
9494	0	0	0	63
9500	0	0	0	63
9505	0	0	0	63
9510	0	0	0	63
9515	0	0	0	63
9521	0	0	0	63
9528	0	0	0	63
9534	0	0	0	63
9539	0	0	0	63
9544	0	0	0	63
9549	0	0	0	63
9554	0	0	0	63
9559	0	0	0	63
9564	0	0	0	63
9569	0	0	0	63
9574	0	0	0	63
9579	0	0	0	63
9584	0	0	0	63
9590	0	0	0	63
9595	0	0	0	63
9600	0	0	0	63
9605	0	0	0	63
9610	0	0	0	63
9615	0	0	0	63
9620	0	0	0	63
9625	0	0	0	63
9630	0	0	0	63
9635	0	0	0	63
9640	0	0	0	63
9645	0	0	0	63
9651	0	0	0	63
9656	0	0	0	63
9661	0	0	0	63
9666	0	0	0	63
9671	0	0	0	63
9676	0	0	0	63
9681	0	0	0	63
9686	0	0	0	63
9691	0	0	0	63
9697	0	0	0	63
9702	0	0	0	63
9707	0	0	0	63
9712	0	0	0	63
9717	0	0	0	63
9722	0	0	0	63
9727	0	0	0	63
9732	0	0	0	63
9737	0	0	0	63
9742	0	0	0	63
9747	0	0	0	63
9752	0	0	0	63
9757	0	0	0	63
9762	0	0	0	63
9769	0	0	0	63
9774	0	0	0	63
9780	0	0	0	63
9785	0	0	0	63
9790	0	0	0	63
9795	0	0	0	63
9800	0	0	0	63
9805	0	0	0	63
9810	0	0	0	63
9815	0	0	0	63
9820	0	0	0	63
9826	0	0	0	63
9831	0	0	0	63
9836	0	0	0	63
9842	0	0	0	63
9847	0	0	0	63
9852	0	0	0	63
9857	0	0	0	63
9862	0	0	0	63
9867	0	0	0	63
9872	0	0	0	63
9877	0	0	0	63
9882	0	0	0	63
9887	0	0	0	63
9892	0	0	0	63
9898	0	0	0	63
9903	0	0	0	63
9908	0	0	0	63
9944	0	0	0	63
9949	0	0	0	63
9955	0	0	0	63
9960	0	0	0	63
9965	0	0	0	63
9970	0	0	0	63
9976	0	0	0	63
9981	0	0	0	63
9986	0	0	0	63
9991	0	0	0	63
9996	0	0	0	63
10001	0	0	0	63
10006	0	0	0	63
10011	0	0	0	63
10016	0	0	0	63
10021	0	0	0	63
10026	0	0	0	63
10031	0	0	0	63
10036	0	0	0	63
10041	0	0	0	63
10046	0	0	0	63
10051	0	0	0	63
10056	0	0	0	63
10061	0	0	0	63
10072	0	0	0	63
10077	0	0	0	63
10082	0	0	0	63
10087	0	0	0	63
10092	0	0	0	63
10097	0	0	0	63
10107	0	0	0	63
10112	0	0	0	63
10117	0	0	0	63
10123	0	0	0	63
10129	0	0	0	63
10134	0	0	0	63
10139	0	0	0	63
10144	0	0	0	63
10149	0	0	0	63
10154	0	0	0	63
10159	0	0	0	63
10165	0	0	0	63
10170	0	0	0	63
10176	0	0	0	63
10181	0	0	0	63
10189	0	0	0	63
10194	0	0	0	63
10200	0	0	0	63
10205	0	0	0	63
10235	0	0	0	63
0	0	0	0	63
5	0	0	0	63
10	0	0	0	63
15	0	0	0	63
20	0	0	0	63
25	0	0	0	63
30	0	0	0	63
35	0	0	0	63
40	0	0	0	63
45	0	0	0	63
50	0	0	0	63
55	0	0	0	63
60	0	0	0	63
65	0	0	0	63
70	0	0	0	63
75	0	0	0	63
80	0	0	0	63
86	0	0	0	63
91	0	0	0	63
96	0	0	0	63
101	0	0	0	63
106	0	0	0	63
111	0	0	0	63
116	0	0	0	63
121	0	0	0	63
126	0	0	0	63
169	0	0	0	63
174	0	0	0	63
179	0	0	0	63
184	0	0	0	63
189	0	0	0	63
194	0	0	0	63
199	0	0	0	63
204	0	0	0	63
209	0	0	0	63
214	0	0	0	63
219	0	0	0	63
224	0	0	0	63
229	0	0	0	63
234	0	0	0	63
239	0	0	0	63
244	0	0	0	63
249	0	0	0	63
254	0	0	0	63
259	0	0	0	63
264	0	0	0	63
269	0	0	0	63
274	0	0	0	63
279	0	0	0	63
284	0	0	0	63
293	0	0	0	63
298	0	0	0	63
303	0	0	0	63
308	0	0	0	63
313	0	0	0	63
318	0	0	0	63
323	0	0	0	63
328	0	0	0	63
333	0	0	0	63
338	0	0	0	63
343	0	0	0	63
348	0	0	0	63
353	0	0	0	63
358	0	0	0	63
363	0	0	0	63
368	0	0	0	63
373	0	0	0	63
378	0	0	0	63
383	0	0	0	63
413	0	0	0	63
418	0	0	0	63
423	0	0	0	63
428	0	0	0	63
433	0	0	0	63
438	0	0	0	63
443	0	0	0	63
448	0	0	0	63
453	0	0	0	63
458	0	0	0	63
463	0	0	0	63
468	0	0	0	63
473	0	0	0	63
483	0	0	0	63
488	0	0	0	63
493	0	0	0	63
498	0	0	0	63
503	0	0	0	63
508	0	0	0	63
513	0	0	0	63
518	0	0	0	63
523	0	0	0	63
528	0	0	0	63
533	0	0	0	63
538	0	0	0	63
543	0	0	0	63
548	0	0	0	63
586	0	0	0	63
591	0	0	0	63
596	0	0	0	63
601	0	0	0	63
606	0	0	0	63
611	0	0	0	63
616	0	0	0	63
621	0	0	0	63
626	0	0	0	63
631	0	0	0	63
636	0	0	0	63
641	0	0	0	63
646	0	0	0	63
651	0	0	0	63
656	0	0	0	63
670	0	0	0	63
675	0	0	0	63
680	0	0	0	63
686	0	0	0	63
691	0	0	0	63
696	0	0	0	63
701	0	0	0	63
706	0	0	0	63
711	0	0	0	63
716	0	0	0	63
721	0	0	0	63
726	0	0	0	63
731	0	0	0	63
736	0	0	0	63
741	0	0	0	63
746	0	0	0	63
751	0	0	0	63
758	0	0	0	63
763	0	0	0	63
768	0	0	0	63
773	0	0	0	63
778	0	0	0	63
783	0	0	0	63
788	0	0	0	63
794	0	0	0	63
799	0	0	0	63
804	0	0	0	63
809	0	0	0	63
814	0	0	0	63
819	0	0	0	63
824	0	0	0	63
829	0	0	0	63
834	0	0	0	63
839	0	0	0	63
845	0	0	0	63
850	0	0	0	63
855	0	0	0	63
860	0	0	0	63
865	0	0	0	63
870	0	0	0	63
875	0	0	0	63
880	0	0	0	63
885	0	0	0	63
890	0	0	0	63
895	0	0	0	63
900	0	0	0	63
910	0	0	0	63
915	0	0	0	63
920	0	0	0	63
925	0	0	0	63
930	0	0	0	63
935	0	0	0	63
940	0	0	0	63
945	0	0	0	63
950	0	0	0	63
955	0	0	0	63
960	0	0	0	63
965	0	0	0	63
970	0	0	0	63
975	0	0	0	63
980	0	0	0	63
985	0	0	0	63
990	0	0	0	63
995	0	0	0	63
1000	0	0	0	63
1005	0	0	0	63
1010	0	0	0	63
1015	0	0	0	63
1020	0	0	0	63
1056	0	0	0	63
1062	0	0	0	63
1067	0	0	0	63
1072	0	0	0	63
1077	0	0	0	63
1082	0	0	0	63
1087	0	0	0	63
1092	0	0	0	63
1097	0	0	0	63
1102	0	0	0	63
1107	0	0	0	63
1112	0	0	0	63
1117	0	0	0	63
1122	0	0	0	63
1127	0	0	0	63
1132	0	0	0	63
1137	0	0	0	63
1142	0	0	0	63
1147	0	0	0	63
1152	0	0	0	63
1157	0	0	0	63
1163	0	0	0	63
1170	0	0	0	63
1175	0	0	0	63
1180	0	0	0	63
1185	0	0	0	63
1190	0	0	0	63
1195	0	0	0	63
1200	0	0	0	63
1205	0	0	0	63
1210	0	0	0	63
1215	0	0	0	63
1220	0	0	0	63
1225	0	0	0	63
1230	0	0	0	63
1235	0	0	0	63
1240	0	0	0	63
1245	0	0	0	63
1336	0	0	0	63
1341	0	0	0	63
1346	0	0	0	63
1351	0	0	0	63
1356	0	0	0	63
1386	0	0	0	63
1391	0	0	0	63
1396	0	0	0	63
1401	0	0	0	63
1406	0	0	0	63
1411	0	0	0	63
1416	0	0	0	63
1422	0	0	0	63
1428	0	0	0	63
1433	0	0	0	63
1438	0	0	0	63
1443	0	0	0	63
1448	0	0	0	63
1453	0	0	0	63
1458	0	0	0	63
1463	0	0	0	63
1468	0	0	0	63
1473	0	0	0	63
1478	0	0	0	63
1483	0	0	0	63
1488	0	0	0	63
1493	0	0	0	63
1498	0	0	0	63
1503	0	0	0	63
1508	0	0	0	63
1513	0	0	0	63
1522	0	0	0	63
1527	0	0	0	63
1532	0	0	0	63
1537	0	0	0	63
1542	0	0	0	63
1548	0	0	0	63
1555	0	0	0	63
1561	0	0	0	63
1566	0	0	0	63
1571	0	0	0	63
1576	0	0	0	63
1581	0	0	0	63
1586	0	0	0	63
1591	0	0	0	63
1597	0	0	0	63
1602	0	0	0	63
1607	0	0	0	63
1612	0	0	0	63
1617	0	0	0	63
1622	0	0	0	63
1627	0	0	0	63
1632	0	0	0	63
1637	0	0	0	63
1642	0	0	0	63
1647	0	0	0	63
1652	0	0	0	63
1657	0	0	0	63
1662	0	0	0	63
1667	0	0	0	63
1672	0	0	0	63
1677	0	0	0	63
1682	0	0	0	63
1687	0	0	0	63
1725	0	0	0	63
1730	0	0	0	63
1735	0	0	0	63
1740	0	0	0	63
1745	0	0	0	63
1750	0	0	0	63
1755	0	0	0	63
1762	0	0	0	63
1767	0	0	0	63
1772	0	0	0	63
1777	0	0	0	63
1782	0	0	0	63
1787	0	0	0	63
1792	0	0	0	63
1797	0	0	0	63
1802	0	0	0	63
1807	0	0	0	63
1812	0	0	0	63
1817	0	0	0	63
1822	0	0	0	63
1828	0	0	0	63
1865	0	0	0	63
1870	0	0	0	63
1875	0	0	0	63
1880	0	0	0	63
1885	0	0	0	63
1890	0	0	0	63
1895	0	0	0	63
1900	0	0	0	63
1905	0	0	0	63
1910	0	0	0	63
1915	0	0	0	63
1920	0	0	0	63
1925	0	0	0	63
1930	0	0	0	63
1935	0	0	0	63
1978	0	0	0	63
1983	0	0	0	63
1988	0	0	0	63
1993	0	0	0	63
1998	0	0	0	63
2003	0	0	0	63
2008	0	0	0	63
2013	0	0	0	63
2018	0	0	0	63
2023	0	0	0	63
2028	0	0	0	63
2033	0	0	0	63
2038	0	0	0	63
2043	0	0	0	63
2048	0	0	0	63
2053	0	0	0	63
2058	0	0	0	63
2063	0	0	0	63
2068	0	0	0	63
2074	0	0	0	63
2079	0	0	0	63
2084	0	0	0	63
2089	0	0	0	63
2094	0	0	0	63
2099	0	0	0	63
2104	0	0	0	63
2109	0	0	0	63
2114	0	0	0	63
2119	0	0	0	63
2124	0	0	0	63
2129	0	0	0	63
2134	0	0	0	63
2139	0	0	0	63
2144	0	0	0	63
2149	0	0	0	63
2156	0	0	0	63
2161	0	0	0	63
2166	0	0	0	63
2171	0	0	0	63
2176	0	0	0	63
2181	0	0	0	63
2186	0	0	0	63
2195	0	0	0	63
2200	0	0	0	63
2205	0	0	0	63
2210	0	0	0	63
2215	0	0	0	63
2220	0	0	0	63
2225	0	0	0	63
2230	0	0	0	63
2235	0	0	0	63
2240	0	0	0	63
2245	0	0	0	63
2250	0	0	0	63
2255	0	0	0	63
2260	0	0	0	63
2265	0	0	0	63
2270	0	0	0	63
2306	0	0	0	63
2311	0	0	0	63
2316	0	0	0	63
2321	0	0	0	63
2326	0	0	0	63
2331	0	0	0	63
2336	0	0	0	63
2341	0	0	0	63
2346	0	0	0	63
2352	0	0	0	63
2357	0	0	0	63
2362	0	0	0	63
2367	0	0	0	63
2372	0	0	0	63
2377	0	0	0	63
2382	0	0	0	63
2412	0	0	0	63
2417	0	0	0	63
2423	0	0	0	63
2430	0	0	0	63
2435	0	0	0	63
2440	0	0	0	63
2445	0	0	0	63
2450	0	0	0	63
2455	0	0	0	63
2460	0	0	0	63
2465	0	0	0	63
2470	0	0	0	63
2475	0	0	0	63
2480	0	0	0	63
2486	0	0	0	63
2491	0	0	0	63
2527	0	0	0	63
2532	0	0	0	63
2537	0	0	0	63
2542	0	0	0	63
2547	0	0	0	63
2552	0	0	0	63
2557	0	0	0	63
2562	0	0	0	63
2567	0	0	0	63
2572	0	0	0	63
2577	0	0	0	63
2582	0	0	0	63
2587	0	0	0	63
2592	0	0	0	63
2599	0	0	0	63
2604	0	0	0	63
2609	0	0	0	63
2614	0	0	0	63
2619	0	0	0	63
2626	0	0	0	63
2631	0	0	0	63
2636	0	0	0	63
2641	0	0	0	63
2646	0	0	0	63
2651	0	0	0	63
2656	0	0	0	63
2661	0	0	0	63
2666	0	0	0	63
2671	0	0	0	63
2676	0	0	0	63
2681	0	0	0	63
2686	0	0	0	63
2691	0	0	0	63
2696	0	0	0	63
2701	0	0	0	63
2708	0	0	0	63
2713	0	0	0	63
2719	0	0	0	63
2724	0	0	0	63
2729	0	0	0	63
2734	0	0	0	63
2739	0	0	0	63
2744	0	0	0	63
2749	0	0	0	63
2754	0	0	0	63
2759	0	0	0	63
2764	0	0	0	63
2769	0	0	0	63
2774	0	0	0	63
2779	0	0	0	63
2784	0	0	0	63
2789	0	0	0	63
2794	0	0	0	63
2799	0	0	0	63
2804	0	0	0	63
2810	0	0	0	63
2815	0	0	0	63
2821	0	0	0	63
2826	0	0	0	63
2836	0	0	0	63
2841	0	0	0	63
2846	0	0	0	63
2851	0	0	0	63
2856	0	0	0	63
2861	0	0	0	63
2866	0	0	0	63
2871	0	0	0	63
2876	0	0	0	63
2881	0	0	0	63
2886	0	0	0	63
2891	0	0	0	63
2896	0	0	0	63
2901	0	0	0	63
2906	0	0	0	63
2911	0	0	0	63
2916	0	0	0	63
2921	0	0	0	63
2926	0	0	0	63
2931	0	0	0	63
2936	0	0	0	63
2941	0	0	0	63
2946	0	0	0	63
2951	0	0	0	63
2956	0	0	0	63
2961	0	0	0	63
2968	0	0	0	63
2973	0	0	0	63
2978	0	0	0	63
2983	0	0	0	63
2988	0	0	0	63
2993	0	0	0	63
2998	0	0	0	63
3003	0	0	0	63
3008	0	0	0	63
3013	0	0	0	63
3019	0	0	0	63
3025	0	0	0	63
3030	0	0	0	63
3035	0	0	0	63
3040	0	0	0	63
3045	0	0	0	63
3050	0	0	0	63
3055	0	0	0	63
3060	0	0	0	63
3065	0	0	0	63
3070	0	0	0	63
3075	0	0	0	63
3080	0	0	0	63
3085	0	0	0	63
3090	0	0	0	63
3095	0	0	0	63
3100	0	0	0	63
3105	0	0	0	63
3110	0	0	0	63
3115	0	0	0	63
3120	0	0	0	63
3125	0	0	0	63
3130	0	0	0	63
3135	0	0	0	63
3140	0	0	0	63
3145	0	0	0	63
3151	0	0	0	63
3156	0	0	0	63
3161	0	0	0	63
3166	0	0	0	63
3171	0	0	0	63
3176	0	0	0	63
3181	0	0	0	63
3212	0	0	0	63
3217	0	0	0	63
3222	0	0	0	63
3227	0	0	0	63
3232	0	0	0	63
3237	0	0	0	63
3242	0	0	0	63
3247	0	0	0	63
3252	0	0	0	63
3257	0	0	0	63
3295	0	0	0	63
3300	0	0	0	63
3305	0	0	0	63
3310	0	0	0	63
3315	0	0	0	63
3320	0	0	0	63
3325	0	0	0	63
3330	0	0	0	63
3335	0	0	0	63
3340	0	0	0	63
3345	0	0	0	63
3350	0	0	0	63
3355	0	0	0	63
3360	0	0	0	63
3365	0	0	0	63
3370	0	0	0	63
3375	0	0	0	63
3380	0	0	0	63
3385	0	0	0	63
3390	0	0	0	63
3395	0	0	0	63
3400	0	0	0	63
3405	0	0	0	63
3410	0	0	0	63
3415	0	0	0	63
3420	0	0	0	63
3425	0	0	0	63
3430	0	0	0	63
3435	0	0	0	63
3440	0	0	0	63
3445	0	0	0	63
3450	0	0	0	63
3455	0	0	0	63
3460	0	0	0	63
3465	0	0	0	63
3470	0	0	0	63
3475	0	0	0	63
3480	0	0	0	63
3485	0	0	0	63
3490	0	0	0	63
3525	0	0	0	63
3530	0	0	0	63
3535	0	0	0	63
3540	0	0	0	63
3545	0	0	0	63
3550	0	0	0	63
3555	0	0	0	63
3561	0	0	0	63
3566	0	0	0	63
3571	0	0	0	63
3576	0	0	0	63
3581	0	0	0	63
3586	0	0	0	63
3591	0	0	0	63
3596	0	0	0	63
3601	0	0	0	63
3606	0	0	0	63
3614	0	0	0	63
3620	0	0	0	63
3625	0	0	0	63
3630	0	0	0	63
3635	0	0	0	63
3665	0	0	0	63
3670	0	0	0	63
3675	0	0	0	63
3680	0	0	0	63
3685	0	0	0	63
3696	0	0	0	63
3701	0	0	0	63
3706	0	0	0	63
3711	0	0	0	63
3716	0	0	0	63
3721	0	0	0	63
3726	0	0	0	63
3731	0	0	0	63
3736	0	0	0	63
3741	0	0	0	63
3776	0	0	0	63
3781	0	0	0	63
3786	0	0	0	63
3791	0	0	0	63
3796	0	0	0	63
3801	0	0	0	63
3806	0	0	0	63
3811	0	0	0	63
3816	0	0	0	63
3821	0	0	0	63
3856	0	0	0	63
3861	0	0	0	63
3870	0	0	0	63
3875	0	0	0	63
3880	0	0	0	63
3885	0	0	0	63
3890	0	0	0	63
3895	0	0	0	63
3900	0	0	0	63
3905	0	0	0	63
3910	0	0	0	63
3915	0	0	0	63
3920	0	0	0	63
3925	0	0	0	63
3930	0	0	0	63
3935	0	0	0	63
3940	0	0	0	63
3945	0	0	0	63
3951	0	0	0	63
3958	0	0	0	63
3963	0	0	0	63
3968	0	0	0	63
3973	0	0	0	63
3979	0	0	0	63
3984	0	0	0	63
3989	0	0	0	63
3995	0	0	0	63
4000	0	0	0	63
4005	0	0	0	63
4010	0	0	0	63
4015	0	0	0	63
4020	0	0	0	63
4025	0	0	0	63
4035	0	0	0	63
4090	0	0	0	63
4095	0	0	0	63
4100	0	0	0	63
4105	0	0	0	63
4110	0	0	0	63
4115	0	0	0	63
4121	0	0	0	63
4126	0	0	0	63
4131	0	0	0	63
4136	0	0	0	63
4141	0	0	0	63
4146	0	0	0	63
4151	0	0	0	63
4156	0	0	0	63
4161	0	0	0	63
4166	0	0	0	63
4171	0	0	0	63
4176	0	0	0	63
4181	0	0	0	63
4186	0	0	0	63
4191	0	0	0	63
4196	0	0	0	63
4203	0	0	0	63
4208	0	0	0	63
4213	0	0	0	63
4218	0	0	0	63
4223	0	0	0	63
4228	0	0	0	63
4233	0	0	0	63
4238	0	0	0	63
4243	0	0	0	63
4248	0	0	0	63
4253	0	0	0	63
4258	0	0	0	63
4263	0	0	0	63
4268	0	0	0	63
4273	0	0	0	63
4278	0	0	0	63
4284	0	0	0	63
4289	0	0	0	63
4294	0	0	0	63
4299	0	0	0	63
4304	0	0	0	63
4309	0	0	0	63
4314	0	0	0	63
4319	0	0	0	63
4324	0	0	0	63
4329	0	0	0	63
4334	0	0	0	63
4339	0	0	0	63
4344	0	0	0	63
4349	0	0	0	63
4354	0	0	0	63
4359	0	0	0	63
4364	0	0	0	63
4369	0	0	0	63
4374	0	0	0	63
4379	0	0	0	63
4384	0	0	0	63
4389	0	0	0	63
4394	0	0	0	63
4399	0	0	0	63
4407	0	0	0	63
4412	0	0	0	63
4417	0	0	0	63
4422	0	0	0	63
4427	0	0	0	63
4432	0	0	0	63
4437	0	0	0	63
4442	0	0	0	63
4447	0	0	0	63
4452	0	0	0	63
4457	0	0	0	63
4462	0	0	0	63
4467	0	0	0	63
4472	0	0	0	63
4477	0	0	0	63
4482	0	0	0	63
4487	0	0	0	63
4492	0	0	0	63
4497	0	0	0	63
4504	0	0	0	63
4510	0	0	0	63
4515	0	0	0	63
4520	0	0	0	63
4525	0	0	0	63
4530	0	0	0	63
4535	0	0	0	63
4540	0	0	0	63
4545	0	0	0	63
4550	0	0	0	63
4555	0	0	0	63
4560	0	0	0	63
4565	0	0	0	63
4570	0	0	0	63
4575	0	0	0	63
4580	0	0	0	63
4585	0	0	0	63
4590	0	0	0	63
4595	0	0	0	63
4600	0	0	0	63
4605	0	0	0	63
4611	0	0	0	63
4616	0	0	0	63
4621	0	0	0	63
4626	0	0	0	63
4631	0	0	0	63
4636	0	0	0	63
4641	0	0	0	63
4646	0	0	0	63
4676	0	0	0	63
4681	0	0	0	63
4686	0	0	0	63
4691	0	0	0	63
4696	0	0	0	63
4701	0	0	0	63
4706	0	0	0	63
4711	0	0	0	63
4716	0	0	0	63
4721	0	0	0	63
4726	0	0	0	63
4735	0	0	0	63
4740	0	0	0	63
4745	0	0	0	63
4750	0	0	0	63
4755	0	0	0	63
4785	0	0	0	63
4790	0	0	0	63
4797	0	0	0	63
4802	0	0	0	63
4807	0	0	0	63
4812	0	0	0	63
4817	0	0	0	63
4822	0	0	0	63
4827	0	0	0	63
4834	0	0	0	63
4839	0	0	0	63
4844	0	0	0	63
4849	0	0	0	63
4854	0	0	0	63
4859	0	0	0	63
4864	0	0	0	63
4871	0	0	0	63
4876	0	0	0	63
4881	0	0	0	63
4886	0	0	0	63
4891	0	0	0	63
4896	0	0	0	63
4901	0	0	0	63
4906	0	0	0	63
4911	0	0	0	63
4916	0	0	0	63
4921	0	0	0	63
4932	0	0	0	63
4937	0	0	0	63
4942	0	0	0	63
4947	0	0	0	63
4952	0	0	0	63
4957	0	0	0	63
4962	0	0	0	63
4967	0	0	0	63
4972	0	0	0	63
4977	0	0	0	63
4982	0	0	0	63
4987	0	0	0	63
4992	0	0	0	63
4999	0	0	0	63
5004	0	0	0	63
5009	0	0	0	63
5014	0	0	0	63
5019	0	0	0	63
5024	0	0	0	63
5029	0	0	0	63
5034	0	0	0	63
5039	0	0	0	63
5044	0	0	0	63
5049	0	0	0	63
5054	0	0	0	63
5059	0	0	0	63
5064	0	0	0	63
5069	0	0	0	63
5074	0	0	0	63
5081	0	0	0	63
5086	0	0	0	63
5091	0	0	0	63
5096	0	0	0	63
5101	0	0	0	63
5106	0	0	0	63
5111	0	0	0	63
5116	0	0	0	63
5121	0	0	0	63
5126	0	0	0	63
5131	0	0	0	63
5136	0	0	0	63
5141	0	0	0	63
5146	0	0	0	63
5151	0	0	0	63
5156	0	0	0	63
5161	0	0	0	63
5166	0	0	0	63
5171	0	0	0	63
5201	0	0	0	63
5206	0	0	0	63
5215	0	0	0	63
5220	0	0	0	63
5225	0	0	0	63
5230	0	0	0	63
5235	0	0	0	63
5240	0	0	0	63
5245	0	0	0	63
5251	0	0	0	63
5256	0	0	0	63
5261	0	0	0	63
5266	0	0	0	63
5271	0	0	0	63
5276	0	0	0	63
5281	0	0	0	63
5316	0	0	0	63
5321	0	0	0	63
5326	0	0	0	63
5331	0	0	0	63
5336	0	0	0	63
5341	0	0	0	63
5346	0	0	0	63
5351	0	0	0	63
5356	0	0	0	63
5361	0	0	0	63
5366	0	0	0	63
5371	0	0	0	63
5376	0	0	0	63
5381	0	0	0	63
5383	0	0	0	63
5388	0	0	0	63
5393	0	0	0	63
5399	0	0	0	63
5404	0	0	0	63
5410	0	0	0	63
5415	0	0	0	63
5420	0	0	0	63
5425	0	0	0	63
5430	0	0	0	63
5435	0	0	0	63
5440	0	0	0	63
5445	0	0	0	63
5451	0	0	0	63
5456	0	0	0	63
5461	0	0	0	63
5466	0	0	0	63
5471	0	0	0	63
5476	0	0	0	63
5481	0	0	0	63
5486	0	0	0	63
5491	0	0	0	63
5496	0	0	0	63
5501	0	0	0	63
5506	0	0	0	63
5511	0	0	0	63
5516	0	0	0	63
5521	0	0	0	63
5526	0	0	0	63
5531	0	0	0	63
5536	0	0	0	63
5541	0	0	0	63
5546	0	0	0	63
5551	0	0	0	63
5556	0	0	0	63
5561	0	0	0	63
5566	0	0	0	63
5571	0	0	0	63
5576	0	0	0	63
5581	0	0	0	63
5586	0	0	0	63
5591	0	0	0	63
5596	0	0	0	63
5601	0	0	0	63
5609	0	0	0	63
5614	0	0	0	63
5619	0	0	0	63
5624	0	0	0	63
5629	0	0	0	63
5634	0	0	0	63
5639	0	0	0	63
5644	0	0	0	63
5649	0	0	0	63
5654	0	0	0	63
5659	0	0	0	63
5664	0	0	0	63
5669	0	0	0	63
5674	0	0	0	63
5679	0	0	0	63
5684	0	0	0	63
5690	0	0	0	63
5697	0	0	0	63
5702	0	0	0	63
5707	0	0	0	63
5712	0	0	0	63
5717	0	0	0	63
5722	0	0	0	63
5727	0	0	0	63
5732	0	0	0	63
5738	0	0	0	63
5745	0	0	0	63
5750	0	0	0	63
5755	0	0	0	63
5760	0	0	0	63
5765	0	0	0	63
5770	0	0	0	63
5775	0	0	0	63
5780	0	0	0	63
5785	0	0	0	63
5790	0	0	0	63
5795	0	0	0	63
5800	0	0	0	63
5805	0	0	0	63
5811	0	0	0	63
5847	0	0	0	63
5852	0	0	0	63
5857	0	0	0	63
5862	0	0	0	63
5867	0	0	0	63
5872	0	0	0	63
5877	0	0	0	63
5882	0	0	0	63
5887	0	0	0	63
5892	0	0	0	63
5897	0	0	0	63
5905	0	0	0	63
5910	0	0	0	63
5915	0	0	0	63
5920	0	0	0	63
5925	0	0	0	63
5930	0	0	0	63
5935	0	0	0	63
5940	0	0	0	63
5945	0	0	0	63
5950	0	0	0	63
5955	0	0	0	63
5960	0	0	0	63
5965	0	0	0	63
5970	0	0	0	63
5975	0	0	0	63
5980	0	0	0	63
5985	0	0	0	63
5990	0	0	0	63
5995	0	0	0	63
6000	0	0	0	63
6005	0	0	0	63
6010	0	0	0	63
6015	0	0	0	63
6020	0	0	0	63
6025	0	0	0	63
6030	0	0	0	63
6035	0	0	0	63
6040	0	0	0	63
6045	0	0	0	63
6050	0	0	0	63
6055	0	0	0	63
6060	0	0	0	63
6065	0	0	0	63
6070	0	0	0	63
6081	0	0	0	63
6086	0	0	0	63
6091	0	0	0	63
6097	0	0	0	63
6102	0	0	0	63
6107	0	0	0	63
6112	0	0	0	63
6117	0	0	0	63
6122	0	0	0	63
6127	0	0	0	63
6132	0	0	0	63
6137	0	0	0	63
6142	0	0	0	63
6147	0	0	0	63
6152	0	0	0	63
6157	0	0	0	63
6162	0	0	0	63
6167	0	0	0	63
6172	0	0	0	63
6177	0	0	0	63
6182	0	0	0	63
6187	0	0	0	63
6192	0	0	0	63
6197	0	0	0	63
6202	0	0	0	63
6207	0	0	0	63
6212	0	0	0	63
6217	0	0	0	63
6222	0	0	0	63
6227	0	0	0	63
6232	0	0	0	63
6237	0	0	0	63
6242	0	0	0	63
6247	0	0	0	63
6252	0	0	0	63
6258	0	0	0	63
6263	0	0	0	63
6268	0	0	0	63
6274	0	0	0	63
6279	0	0	0	63
6284	0	0	0	63
6290	0	0	0	63
6295	0	0	0	63
6300	0	0	0	63
6305	0	0	0	63
6310	0	0	0	63
6315	0	0	0	63
6320	0	0	0	63
6325	0	0	0	63
6330	0	0	0	63
6335	0	0	0	63
6340	0	0	0	63
6345	0	0	0	63
6351	0	0	0	63
6356	0	0	0	63
6361	0	0	0	63
6366	0	0	0	63
6371	0	0	0	63
6376	0	0	0	63
6381	0	0	0	63
6391	0	0	0	63
6396	0	0	0	63
6401	0	0	0	63
6436	0	0	0	63
6441	0	0	0	63
6446	0	0	0	63
6451	0	0	0	63
6456	0	0	0	63
6461	0	0	0	63
6466	0	0	0	63
6471	0	0	0	63
6477	0	0	0	63
6482	0	0	0	63
6487	0	0	0	63
6492	0	0	0	63
6497	0	0	0	63
6502	0	0	0	63
6507	0	0	0	63
6514	0	0	0	63
6519	0	0	0	63
6524	0	0	0	63
6529	0	0	0	63
6534	0	0	0	63
6539	0	0	0	63
6569	0	0	0	63
6574	0	0	0	63
6579	0	0	0	63
6584	0	0	0	63
6589	0	0	0	63
6594	0	0	0	63
6599	0	0	0	63
6604	0	0	0	63
6609	0	0	0	63
6614	0	0	0	63
6619	0	0	0	63
6624	0	0	0	63
6629	0	0	0	63
6634	0	0	0	63
6640	0	0	0	63
6645	0	0	0	63
6650	0	0	0	63
6655	0	0	0	63
6660	0	0	0	63
6665	0	0	0	63
6670	0	0	0	63
6675	0	0	0	63
6681	0	0	0	63
6686	0	0	0	63
6691	0	0	0	63
6696	0	0	0	63
6701	0	0	0	63
6737	0	0	0	63
6742	0	0	0	63
6747	0	0	0	63
6753	0	0	0	63
6758	0	0	0	63
6763	0	0	0	63
6768	0	0	0	63
6773	0	0	0	63
6778	0	0	0	63
6783	0	0	0	63
6788	0	0	0	63
6793	0	0	0	63
6799	0	0	0	63
6804	0	0	0	63
6809	0	0	0	63
6814	0	0	0	63
6819	0	0	0	63
6824	0	0	0	63
6829	0	0	0	63
6834	0	0	0	63
6839	0	0	0	63
6844	0	0	0	63
6849	0	0	0	63
6854	0	0	0	63
6859	0	0	0	63
6864	0	0	0	63
6869	0	0	0	63
6874	0	0	0	63
6880	0	0	0	63
6885	0	0	0	63
6890	0	0	0	63
6895	0	0	0	63
6900	0	0	0	63
6905	0	0	0	63
6910	0	0	0	63
6919	0	0	0	63
6924	0	0	0	63
6929	0	0	0	63
6934	0	0	0	63
6939	0	0	0	63
6944	0	0	0	63
6949	0	0	0	63
6954	0	0	0	63
6959	0	0	0	63
6964	0	0	0	63
6969	0	0	0	63
6974	0	0	0	63
6979	0	0	0	63
6984	0	0	0	63
6989	0	0	0	63
6994	0	0	0	63
6999	0	0	0	63
7004	0	0	0	63
7010	0	0	0	63
7015	0	0	0	63
7020	0	0	0	63
7025	0	0	0	63
7030	0	0	0	63
7035	0	0	0	63
7040	0	0	0	63
7045	0	0	0	63
7050	0	0	0	63
7055	0	0	0	63
7060	0	0	0	63
7065	0	0	0	63
7070	0	0	0	63
7075	0	0	0	63
7080	0	0	0	63
7085	0	0	0	63
7090	0	0	0	63
7095	0	0	0	63
7100	0	0	0	63
7105	0	0	0	63
7110	0	0	0	63
7115	0	0	0	63
7120	0	0	0	63
7125	0	0	0	63
7130	0	0	0	63
7135	0	0	0	63
7140	0	0	0	63
7145	0	0	0	63
7150	0	0	0	63
7155	0	0	0	63
7160	0	0	0	63
7165	0	0	0	63
7170	0	0	0	63
7175	0	0	0	63
7180	0	0	0	63
7185	0	0	0	63
7190	0	0	0	63
7195	0	0	0	63
7200	0	0	0	63
7205	0	0	0	63
7210	0	0	0	63
7215	0	0	0	63
7220	0	0	0	63
7225	0	0	0	63
7230	0	0	0	63
7235	0	0	0	63
7240	0	0	0	63
7245	0	0	0	63
7250	0	0	0	63
7259	0	0	0	63
7264	0	0	0	63
7269	0	0	0	63
7274	0	0	0	63
7279	0	0	0	63
7284	0	0	0	63
7289	0	0	0	63
7294	0	0	0	63
7299	0	0	0	63
7304	0	0	0	63
7309	0	0	0	63
7314	0	0	0	63
7319	0	0	0	63
7324	0	0	0	63
7330	0	0	0	63
7337	0	0	0	63
7342	0	0	0	63
7344	0	0	0	63
7349	0	0	0	63
7354	0	0	0	63
7359	0	0	0	63
7364	0	0	0	63
7369	0	0	0	63
7374	0	0	0	63
7379	0	0	0	63
7384	0	0	0	63
7389	0	0	0	63
7394	0	0	0	63
7399	0	0	0	63
7404	0	0	0	63
7413	0	0	0	63
7418	0	0	0	63
7423	0	0	0	63
7487	0	0	0	63
7492	0	0	0	63
7497	0	0	0	63
7502	0	0	0	63
7507	0	0	0	63
7512	0	0	0	63
7517	0	0	0	63
7522	0	0	0	63
7529	0	0	0	63
7535	0	0	0	63
7540	0	0	0	63
7545	0	0	0	63
7550	0	0	0	63
7555	0	0	0	63
7560	0	0	0	63
7565	0	0	0	63
7570	0	0	0	63
7575	0	0	0	63
7580	0	0	0	63
7585	0	0	0	63
7590	0	0	0	63
7595	0	0	0	63
7600	0	0	0	63
7605	0	0	0	63
7610	0	0	0	63
7615	0	0	0	63
7620	0	0	0	63
7625	0	0	0	63
7630	0	0	0	63
7635	0	0	0	63
7640	0	0	0	63
7645	0	0	0	63
7650	0	0	0	63
7655	0	0	0	63
7660	0	0	0	63
7665	0	0	0	63
7670	0	0	0	63
7675	0	0	0	63
7680	0	0	0	63
7685	0	0	0	63
7690	0	0	0	63
7695	0	0	0	63
7700	0	0	0	63
7705	0	0	0	63
7710	0	0	0	63
7715	0	0	0	63
7720	0	0	0	63
7725	0	0	0	63
7730	0	0	0	63
7735	0	0	0	63
7740	0	0	0	63
7745	0	0	0	63
7750	0	0	0	63
7755	0	0	0	63
7760	0	0	0	63
7765	0	0	0	63
7770	0	0	0	63
7775	0	0	0	63
7780	0	0	0	63
7785	0	0	0	63
7815	0	0	0	63
7820	0	0	0	63
7825	0	0	0	63
7831	0	0	0	63
7836	0	0	0	63
7841	0	0	0	63
7846	0	0	0	63
7851	0	0	0	63
7856	0	0	0	63
7861	0	0	0	63
7866	0	0	0	63
7871	0	0	0	63
7876	0	0	0	63
7881	0	0	0	63
7886	0	0	0	63
7891	0	0	0	63
7896	0	0	0	63
7901	0	0	0	63
7906	0	0	0	63
7911	0	0	0	63
7916	0	0	0	63
7921	0	0	0	63
7926	0	0	0	63
7932	0	0	0	63
7937	0	0	0	63
7942	0	0	0	63
7947	0	0	0	63
7956	0	0	0	63
7961	0	0	0	63
7966	0	0	0	63
7971	0	0	0	63
7976	0	0	0	63
7981	0	0	0	63
7986	0	0	0	63
7991	0	0	0	63
7996	0	0	0	63
8001	0	0	0	63
8006	0	0	0	63
8011	0	0	0	63
8043	0	0	0	63
8048	0	0	0	63
8053	0	0	0	63
8058	0	0	0	63
8063	0	0	0	63
8068	0	0	0	63
8073	0	0	0	63
8078	0	0	0	63
8083	0	0	0	63
8088	0	0	0	63
8093	0	0	0	63
8098	0	0	0	63
8103	0	0	0	63
8108	0	0	0	63
8113	0	0	0	63
8118	0	0	0	63
8123	0	0	0	63
8128	0	0	0	63
8133	0	0	0	63
8139	0	0	0	63
8144	0	0	0	63
8150	0	0	0	63
8155	0	0	0	63
8161	0	0	0	63
8166	0	0	0	63
8171	0	0	0	63
8176	0	0	0	63
8182	0	0	0	63
8187	0	0	0	63
8192	0	0	0	63
8197	0	0	0	63
8202	0	0	0	63
8207	0	0	0	63
8212	0	0	0	63
8217	0	0	0	63
8222	0	0	0	63
8227	0	0	0	63
8232	0	0	0	63
8237	0	0	0	63
8242	0	0	0	63
8247	0	0	0	63
8252	0	0	0	63
8257	0	0	0	63
8262	0	0	0	63
8269	0	0	0	63
8274	0	0	0	63
8279	0	0	0	63
8284	0	0	0	63
8289	0	0	0	63
8294	0	0	0	63
8299	0	0	0	63
8303	0	0	0	63
8308	0	0	0	63
8313	0	0	0	63
8319	0	0	0	63
8326	0	0	0	63
8331	0	0	0	63
8336	0	0	0	63
8341	0	0	0	63
8371	0	0	0	63
8376	0	0	0	63
8381	0	0	0	63
8386	0	0	0	63
8391	0	0	0	63
8426	0	0	0	63
8431	0	0	0	63
8436	0	0	0	63
8441	0	0	0	63
8446	0	0	0	63
8452	0	0	0	63
8457	0	0	0	63
8462	0	0	0	63
8467	0	0	0	63
8473	0	0	0	63
8478	0	0	0	63
8483	0	0	0	63
8488	0	0	0	63
8493	0	0	0	63
8498	0	0	0	63
8503	0	0	0	63
8563	0	0	0	63
8568	0	0	0	63
8573	0	0	0	63
8578	0	0	0	63
8583	0	0	0	63
8588	0	0	0	63
8597	0	0	0	63
8602	0	0	0	63
8607	0	0	0	63
8612	0	0	0	63
8617	0	0	0	63
8622	0	0	0	63
8627	0	0	0	63
8632	0	0	0	63
8637	0	0	0	63
8642	0	0	0	63
8647	0	0	0	63
8652	0	0	0	63
8657	0	0	0	63
8662	0	0	0	63
8667	0	0	0	63
8672	0	0	0	63
8677	0	0	0	63
8682	0	0	0	63
8687	0	0	0	63
8692	0	0	0	63
8697	0	0	0	63
8702	0	0	0	63
8707	0	0	0	63
8712	0	0	0	63
8717	0	0	0	63
8722	0	0	0	63
8727	0	0	0	63
8732	0	0	0	63
8737	0	0	0	63
8744	0	0	0	63
8750	0	0	0	63
8755	0	0	0	63
8760	0	0	0	63
8765	0	0	0	63
8770	0	0	0	63
8777	0	0	0	63
8782	0	0	0	63
8787	0	0	0	63
8792	0	0	0	63
8797	0	0	0	63
8802	0	0	0	63
8807	0	0	0	63
8812	0	0	0	63
8817	0	0	0	63
8822	0	0	0	63
8827	0	0	0	63
8832	0	0	0	63
8837	0	0	0	63
8842	0	0	0	63
8849	0	0	0	63
8855	0	0	0	63
8860	0	0	0	63
8865	0	0	0	63
8870	0	0	0	63
8875	0	0	0	63
8883	0	0	0	63
8888	0	0	0	63
8893	0	0	0	63
8898	0	0	0	63
8903	0	0	0	63
8908	0	0	0	63
8913	0	0	0	63
8919	0	0	0	63
8925	0	0	0	63
8930	0	0	0	63
8935	0	0	0	63
8940	0	0	0	63
8945	0	0	0	63
8950	0	0	0	63
8955	0	0	0	63
8960	0	0	0	63
8965	0	0	0	63
8970	0	0	0	63
8975	0	0	0	63
8980	0	0	0	63
8985	0	0	0	63
8991	0	0	0	63
8996	0	0	0	63
9001	0	0	0	63
9006	0	0	0	63
9011	0	0	0	63
9017	0	0	0	63
9022	0	0	0	63
9027	0	0	0	63
9032	0	0	0	63
9037	0	0	0	63
9042	0	0	0	63
9047	0	0	0	63
9056	0	0	0	63
9061	0	0	0	63
9066	0	0	0	63
9071	0	0	0	63
9076	0	0	0	63
9081	0	0	0	63
9090	0	0	0	63
9095	0	0	0	63
9100	0	0	0	63
9105	0	0	0	63
9110	0	0	0	63
9115	0	0	0	63
9120	0	0	0	63
9125	0	0	0	63
9130	0	0	0	63
9135	0	0	0	63
9140	0	0	0	63
9145	0	0	0	63
9150	0	0	0	63
9155	0	0	0	63
9160	0	0	0	63
9165	0	0	0	63
9170	0	0	0	63
9226	0	0	0	63
9231	0	0	0	63
9239	0	0	0	63
9244	0	0	0	63
9249	0	0	0	63
9254	0	0	0	63
9259	0	0	0	63
9264	0	0	0	63
9274	0	0	0	63
9279	0	0	0	63
9284	0	0	0	63
9289	0	0	0	63
9294	0	0	0	63
9299	0	0	0	63
9304	0	0	0	63
9309	0	0	0	63
9314	0	0	0	63
9319	0	0	0	63
9324	0	0	0	63
9329	0	0	0	63
9334	0	0	0	63
9370	0	0	0	63
9375	0	0	0	63
9380	0	0	0	63
9385	0	0	0	63
9390	0	0	0	63
9395	0	0	0	63
9400	0	0	0	63
9405	0	0	0	63
9410	0	0	0	63
9415	0	0	0	63
9420	0	0	0	63
9425	0	0	0	63
9430	0	0	0	63
9435	0	0	0	63
9440	0	0	0	63
9445	0	0	0	63
9450	0	0	0	63
9455	0	0	0	63
9460	0	0	0	63
9465	0	0	0	63
9471	0	0	0	63
9476	0	0	0	63
9482	0	0	0	63
9487	0	0	0	63
9492	0	0	0	63
9497	0	0	0	63
9502	0	0	0	63
9507	0	0	0	63
9512	0	0	0	63
9517	0	0	0	63
9522	0	0	0	63
9527	0	0	0	63
9532	0	0	0	63
9537	0	0	0	63
9542	0	0	0	63
9547	0	0	0	63
9552	0	0	0	63
9557	0	0	0	63
9562	0	0	0	63
9567	0	0	0	63
9572	0	0	0	63
9577	0	0	0	63
9582	0	0	0	63
9587	0	0	0	63
9592	0	0	0	63
9597	0	0	0	63
9602	0	0	0	63
9607	0	0	0	63
9613	0	0	0	63
9620	0	0	0	63
9625	0	0	0	63
9630	0	0	0	63
9635	0	0	0	63
9640	0	0	0	63
9645	0	0	0	63
9650	0	0	0	63
9655	0	0	0	63
9660	0	0	0	63
9665	0	0	0	63
9670	0	0	0	63
9675	0	0	0	63
9680	0	0	0	63
9685	0	0	0	63
9690	0	0	0	63
9695	0	0	0	63
9700	0	0	0	63
9705	0	0	0	63
9710	0	0	0	63
9715	0	0	0	63
9720	0	0	0	63
9725	0	0	0	63
9730	0	0	0	63
9735	0	0	0	63
9740	0	0	0	63
9745	0	0	0	63
9752	0	0	0	63
9757	0	0	0	63
9762	0	0	0	63
9767	0	0	0	63
9774	0	0	0	63
9779	0	0	0	63
9784	0	0	0	63
9789	0	0	0	63
9794	0	0	0	63
9799	0	0	0	63
9804	0	0	0	63
9809	0	0	0	63
9814	0	0	0	63
9819	0	0	0	63
9824	0	0	0	63
9829	0	0	0	63
9834	0	0	0	63
9839	0	0	0	63
9845	0	0	0	63
9850	0	0	0	63
9855	0	0	0	63
9860	0	0	0	63
9865	0	0	0	63
9870	0	0	0	63
9875	0	0	0	63
9880	0	0	0	63
9885	0	0	0	63
9890	0	0	0	63
9895	0	0	0	63
9900	0	0	0	63
9905	0	0	0	63
9910	0	0	0	63
9916	0	0	0	63
9921	0	0	0	63
9926	0	0	0	63
9931	0	0	0	63
9936	0	0	0	63
9941	0	0	0	63
9946	0	0	0	63
9951	0	0	0	63
9956	0	0	0	63
9961	0	0	0	63
9966	0	0	0	63
9971	0	0	0	63
9976	0	0	0	63
9981	0	0	0	63
9986	0	0	0	63
9991	0	0	0	63
9996	0	0	0	63
10001	0	0	0	63
10006	0	0	0	63
10011	0	0	0	63
10016	0	0	0	63
10021	0	0	0	63
10026	0	0	0	63
10031	0	0	0	63
10036	0	0	0	63
10041	0	0	0	63
10046	0	0	0	63
10051	0	0	0	63
10056	0	0	0	63
10061	0	0	0	63
10066	0	0	0	63
10071	0	0	0	63
10076	0	0	0	63
10081	0	0	0	63
10086	0	0	0	63
10091	0	0	0	63
10098	0	0	0	63
10104	0	0	0	63
10109	0	0	0	63
10114	0	0	0	63
10120	0	0	0	63
10125	0	0	0	63
10130	0	0	0	63
10135	0	0	0	63
10140	0	0	0	63
10145	0	0	0	63
10150	0	0	0	63
10155	0	0	0	63
10160	0	0	0	63
10165	0	0	0	63
10171	0	0	0	63
10176	0	0	0	63
10181	0	0	0	63
10186	0	0	0	63
10191	0	0	0	63
10196	0	0	0	63
10201	0	0	0	63
10206	0	0	0	63
10211	0	0	0	63
10216	0	0	0	63
10222	0	0	0	63
10227	0	0	0	63
10232	0	0	0	63
10237	0	0	0	63
2	0	0	0	63
9	0	0	0	63
14	0	0	0	63
19	0	0	0	63
24	0	0	0	63
29	0	0	0	63
34	0	0	0	63
39	0	0	0	63
44	0	0	0	63
49	0	0	0	63
54	0	0	0	63
59	0	0	0	63
64	0	0	0	63
94	0	0	0	63
99	0	0	0	63
104	0	0	0	63
109	0	0	0	63
114	0	0	0	63
119	0	0	0	63
125	0	0	0	63
132	0	0	0	63
137	0	0	0	63
142	0	0	0	63
147	0	0	0	63
152	0	0	0	63
157	0	0	0	63
162	0	0	0	63
167	0	0	0	63
172	0	0	0	63
208	0	0	0	63
213	0	0	0	63
218	0	0	0	63
223	0	0	0	63
228	0	0	0	63
233	0	0	0	63
238	0	0	0	63
243	0	0	0	63
249	0	0	0	63
254	0	0	0	63
259	0	0	0	63
264	0	0	0	63
269	0	0	0	63
274	0	0	0	63
279	0	0	0	63
284	0	0	0	63
289	0	0	0	63
319	0	0	0	63
324	0	0	0	63
329	0	0	0	63
334	0	0	0	63
339	0	0	0	63
344	0	0	0	63
349	0	0	0	63
354	0	0	0	63
359	0	0	0	63
364	0	0	0	63
369	0	0	0	63
375	0	0	0	63
380	0	0	0	63
385	0	0	0	63
390	0	0	0	63
395	0	0	0	63
400	0	0	0	63
405	0	0	0	63
410	0	0	0	63
415	0	0	0	63
420	0	0	0	63
425	0	0	0	63
455	0	0	0	63
460	0	0	0	63
465	0	0	0	63
470	0	0	0	63
475	0	0	0	63
480	0	0	0	63
485	0	0	0	63
490	0	0	0	63
495	0	0	0	63
500	0	0	0	63
505	0	0	0	63
510	0	0	0	63
515	0	0	0	63
520	0	0	0	63
525	0	0	0	63
530	0	0	0	63
535	0	0	0	63
540	0	0	0	63
545	0	0	0	63
550	0	0	0	63
555	0	0	0	63
560	0	0	0	63
565	0	0	0	63
570	0	0	0	63
577	0	0	0	63
582	0	0	0	63
587	0	0	0	63
592	0	0	0	63
597	0	0	0	63
602	0	0	0	63
607	0	0	0	63
612	0	0	0	63
617	0	0	0	63
622	0	0	0	63
627	0	0	0	63
632	0	0	0	63
639	0	0	0	63
644	0	0	0	63
650	0	0	0	63
655	0	0	0	63
660	0	0	0	63
665	0	0	0	63
670	0	0	0	63
675	0	0	0	63
680	0	0	0	63
685	0	0	0	63
690	0	0	0	63
695	0	0	0	63
700	0	0	0	63
705	0	0	0	63
710	0	0	0	63
715	0	0	0	63
724	0	0	0	63
730	0	0	0	63
735	0	0	0	63
740	0	0	0	63
745	0	0	0	63
750	0	0	0	63
755	0	0	0	63
760	0	0	0	63
765	0	0	0	63
770	0	0	0	63
775	0	0	0	63
780	0	0	0	63
785	0	0	0	63
790	0	0	0	63
795	0	0	0	63
801	0	0	0	63
806	0	0	0	63
811	0	0	0	63
847	0	0	0	63
853	0	0	0	63
858	0	0	0	63
863	0	0	0	63
868	0	0	0	63
873	0	0	0	63
878	0	0	0	63
883	0	0	0	63
888	0	0	0	63
893	0	0	0	63
899	0	0	0	63
904	0	0	0	63
909	0	0	0	63
915	0	0	0	63
920	0	0	0	63
925	0	0	0	63
930	0	0	0	63
935	0	0	0	63
940	0	0	0	63
945	0	0	0	63
950	0	0	0	63
955	0	0	0	63
963	0	0	0	63
968	0	0	0	63
973	0	0	0	63
978	0	0	0	63
983	0	0	0	63
988	0	0	0	63
993	0	0	0	63
998	0	0	0	63
1003	0	0	0	63
1008	0	0	0	63
1015	0	0	0	63
1020	0	0	0	63
1025	0	0	0	63
1030	0	0	0	63
1035	0	0	0	63
1040	0	0	0	63
1045	0	0	0	63
1053	0	0	0	63
1058	0	0	0	63
1063	0	0	0	63
1068	0	0	0	63
1073	0	0	0	63
1078	0	0	0	63
1084	0	0	0	63
1090	0	0	0	63
1095	0	0	0	63
1100	0	0	0	63
1105	0	0	0	63
1110	0	0	0	63
1115	0	0	0	63
1120	0	0	0	63
1125	0	0	0	63
1130	0	0	0	63
1135	0	0	0	63
1140	0	0	0	63
1145	0	0	0	63
1150	0	0	0	63
1155	0	0	0	63
1160	0	0	0	63
1165	0	0	0	63
1170	0	0	0	63
1175	0	0	0	63
1180	0	0	0	63
1185	0	0	0	63
1190	0	0	0	63
1195	0	0	0	63
1200	0	0	0	63
1205	0	0	0	63
1210	0	0	0	63
1215	0	0	0	63
1220	0	0	0	63
1225	0	0	0	63
1230	0	0	0	63
1235	0	0	0	63
1265	0	0	0	63
1270	0	0	0	63
1275	0	0	0	63
1280	0	0	0	63
1285	0	0	0	63
1290	0	0	0	63
1295	0	0	0	63
1304	0	0	0	63
1310	0	0	0	63
1315	0	0	0	63
1320	0	0	0	63
1325	0	0	0	63
1330	0	0	0	63
1335	0	0	0	63
1340	0	0	0	63
1351	0	0	0	63
1356	0	0	0	63
1361	0	0	0	63
1366	0	0	0	63
1371	0	0	0	63
1376	0	0	0	63
1381	0	0	0	63
1386	0	0	0	63
1391	0	0	0	63
1396	0	0	0	63
1401	0	0	0	63
1406	0	0	0	63
1411	0	0	0	63
1416	0	0	0	63
1421	0	0	0	63
1426	0	0	0	63
1431	0	0	0	63
1436	0	0	0	63
1441	0	0	0	63
1446	0	0	0	63
1452	0	0	0	63
1457	0	0	0	63
1462	0	0	0	63
1467	0	0	0	63
1472	0	0	0	63
1477	0	0	0	63
1482	0	0	0	63
1489	0	0	0	63
1494	0	0	0	63
1499	0	0	0	63
1504	0	0	0	63
1509	0	0	0	63
1514	0	0	0	63
1519	0	0	0	63
1524	0	0	0	63
1529	0	0	0	63
1534	0	0	0	63
1539	0	0	0	63
1575	0	0	0	63
1580	0	0	0	63
1585	0	0	0	63
1590	0	0	0	63
1595	0	0	0	63
1600	0	0	0	63
1609	0	0	0	63
1614	0	0	0	63
1619	0	0	0	63
1624	0	0	0	63
1629	0	0	0	63
1634	0	0	0	63
1639	0	0	0	63
1644	0	0	0	63
1649	0	0	0	63
1654	0	0	0	63
1659	0	0	0	63
1664	0	0	0	63
1669	0	0	0	63
1674	0	0	0	63
1679	0	0	0	63
1684	0	0	0	63
1689	0	0	0	63
1694	0	0	0	63
1699	0	0	0	63
1704	0	0	0	63
1765	0	0	0	63
1770	0	0	0	63
1775	0	0	0	63
1780	0	0	0	63
1785	0	0	0	63
1792	0	0	0	63
1797	0	0	0	63
1802	0	0	0	63
1807	0	0	0	63
1812	0	0	0	63
1817	0	0	0	63
1822	0	0	0	63
1827	0	0	0	63
1832	0	0	0	63
1837	0	0	0	63
1842	0	0	0	63
1853	0	0	0	63
1858	0	0	0	63
1863	0	0	0	63
1868	0	0	0	63
1873	0	0	0	63
1878	0	0	0	63
1883	0	0	0	63
1888	0	0	0	63
1893	0	0	0	63
1898	0	0	0	63
1903	0	0	0	63
1909	0	0	0	63
1914	0	0	0	63
1920	0	0	0	63
1925	0	0	0	63
1930	0	0	0	63
1935	0	0	0	63
1940	0	0	0	63
1945	0	0	0	63
1950	0	0	0	63
1955	0	0	0	63
1960	0	0	0	63
1965	0	0	0	63
1974	0	0	0	63
1980	0	0	0	63
1985	0	0	0	63
2044	0	0	0	63
2049	0	0	0	63
2054	0	0	0	63
2059	0	0	0	63
2064	0	0	0	63
2069	0	0	0	63
2074	0	0	0	63
2079	0	0	0	63
2084	0	0	0	63
2089	0	0	0	63
2094	0	0	0	63
2099	0	0	0	63
2104	0	0	0	63
2109	0	0	0	63
2114	0	0	0	63
2119	0	0	0	63
2124	0	0	0	63
2129	0	0	0	63
2134	0	0	0	63
2139	0	0	0	63
2144	0	0	0	63
2149	0	0	0	63
2155	0	0	0	63
2160	0	0	0	63
2165	0	0	0	63
2170	0	0	0	63
2175	0	0	0	63
2180	0	0	0	63
2185	0	0	0	63
2190	0	0	0	63
2195	0	0	0	63
2200	0	0	0	63
2205	0	0	0	63
2210	0	0	0	63
2215	0	0	0	63
2220	0	0	0	63
2225	0	0	0	63
2230	0	0	0	63
2235	0	0	0	63
2240	0	0	0	63
2245	0	0	0	63
2250	0	0	0	63
2255	0	0	0	63
2260	0	0	0	63
2265	0	0	0	63
2271	0	0	0	63
2276	0	0	0	63
2281	0	0	0	63
2286	0	0	0	63
2291	0	0	0	63
2296	0	0	0	63
2301	0	0	0	63
2306	0	0	0	63
2311	0	0	0	63
2316	0	0	0	63
2352	0	0	0	63
2357	0	0	0	63
2362	0	0	0	63
2367	0	0	0	63
2372	0	0	0	63
2377	0	0	0	63
2382	0	0	0	63
2387	0	0	0	63
2392	0	0	0	63
2397	0	0	0	63
2402	0	0	0	63
2407	0	0	0	63
2412	0	0	0	63
2417	0	0	0	63
2422	0	0	0	63
2427	0	0	0	63
2432	0	0	0	63
2437	0	0	0	63
2442	0	0	0	63
2447	0	0	0	63
2452	0	0	0	63
2457	0	0	0	63
2462	0	0	0	63
2467	0	0	0	63
2472	0	0	0	63
2477	0	0	0	63
2482	0	0	0	63
2487	0	0	0	63
2517	0	0	0	63
2522	0	0	0	63
2527	0	0	0	63
2532	0	0	0	63
2537	0	0	0	63
2542	0	0	0	63
2573	0	0	0	63
2578	0	0	0	63
2584	0	0	0	63
2589	0	0	0	63
2594	0	0	0	63
2599	0	0	0	63
2604	0	0	0	63
2610	0	0	0	63
2615	0	0	0	63
2621	0	0	0	63
2626	0	0	0	63
2657	0	0	0	63
2662	0	0	0	63
2667	0	0	0	63
2672	0	0	0	63
2677	0	0	0	63
2683	0	0	0	63
2688	0	0	0	63
2693	0	0	0	63
2698	0	0	0	63
2703	0	0	0	63
2708	0	0	0	63
2713	0	0	0	63
2718	0	0	0	63
2723	0	0	0	63
2729	0	0	0	63
2736	0	0	0	63
2741	0	0	0	63
2746	0	0	0	63
2751	0	0	0	63
2756	0	0	0	63
2761	0	0	0	63
2766	0	0	0	63
2771	0	0	0	63
2776	0	0	0	63
2781	0	0	0	63
2786	0	0	0	63
2791	0	0	0	63
2796	0	0	0	63
2801	0	0	0	63
2806	0	0	0	63
2811	0	0	0	63
2816	0	0	0	63
2821	0	0	0	63
2826	0	0	0	63
2831	0	0	0	63
2836	0	0	0	63
2841	0	0	0	63
2846	0	0	0	63
2851	0	0	0	63
2856	0	0	0	63
2861	0	0	0	63
2866	0	0	0	63
2871	0	0	0	63
2876	0	0	0	63
2881	0	0	0	63
2886	0	0	0	63
2891	0	0	0	63
2896	0	0	0	63
2901	0	0	0	63
2906	0	0	0	63
2911	0	0	0	63
2918	0	0	0	63
2923	0	0	0	63
2928	0	0	0	63
2933	0	0	0	63
2938	0	0	0	63
2943	0	0	0	63
2948	0	0	0	63
2953	0	0	0	63
2958	0	0	0	63
2963	0	0	0	63
2968	0	0	0	63
2975	0	0	0	63
2981	0	0	0	63
2986	0	0	0	63
2991	0	0	0	63
2996	0	0	0	63
3001	0	0	0	63
3006	0	0	0	63
3011	0	0	0	63
3016	0	0	0	63
3021	0	0	0	63
3026	0	0	0	63
3031	0	0	0	63
3036	0	0	0	63
3041	0	0	0	63
3046	0	0	0	63
3051	0	0	0	63
3056	0	0	0	63
3061	0	0	0	63
3066	0	0	0	63
3071	0	0	0	63
3076	0	0	0	63
3081	0	0	0	63
3086	0	0	0	63
3091	0	0	0	63
3096	0	0	0	63
3101	0	0	0	63
3106	0	0	0	63
3111	0	0	0	63
3116	0	0	0	63
3121	0	0	0	63
3126	0	0	0	63
3131	0	0	0	63
3136	0	0	0	63
3141	0	0	0	63
3146	0	0	0	63
3154	0	0	0	63
3160	0	0	0	63
3165	0	0	0	63
3170	0	0	0	63
3175	0	0	0	63
3180	0	0	0	63
3185	0	0	0	63
3190	0	0	0	63
3195	0	0	0	63
3200	0	0	0	63
3205	0	0	0	63
3210	0	0	0	63
3215	0	0	0	63
3220	0	0	0	63
3225	0	0	0	63
3230	0	0	0	63
3235	0	0	0	63
3240	0	0	0	63
3245	0	0	0	63
3250	0	0	0	63
3257	0	0	0	63
3262	0	0	0	63
3267	0	0	0	63
3272	0	0	0	63
3277	0	0	0	63
3282	0	0	0	63
3289	0	0	0	63
3294	0	0	0	63
3299	0	0	0	63
3304	0	0	0	63
3309	0	0	0	63
3314	0	0	0	63
3319	0	0	0	63
3325	0	0	0	63
3330	0	0	0	63
3335	0	0	0	63
3340	0	0	0	63
3345	0	0	0	63
3350	0	0	0	63
3355	0	0	0	63
3360	0	0	0	63
3365	0	0	0	63
3370	0	0	0	63
3375	0	0	0	63
3380	0	0	0	63
3385	0	0	0	63
3390	0	0	0	63
3395	0	0	0	63
3400	0	0	0	63
3405	0	0	0	63
3410	0	0	0	63
3415	0	0	0	63
3420	0	0	0	63
3425	0	0	0	63
3430	0	0	0	63
3435	0	0	0	63
3440	0	0	0	63
3445	0	0	0	63
3450	0	0	0	63
3455	0	0	0	63
3460	0	0	0	63
3465	0	0	0	63
3474	0	0	0	63
3480	0	0	0	63
3486	0	0	0	63
3491	0	0	0	63
3496	0	0	0	63
3501	0	0	0	63
3506	0	0	0	63
3511	0	0	0	63
3516	0	0	0	63
3521	0	0	0	63
3526	0	0	0	63
3531	0	0	0	63
3536	0	0	0	63
3541	0	0	0	63
3546	0	0	0	63
3551	0	0	0	63
3557	0	0	0	63
3562	0	0	0	63
3567	0	0	0	63
3572	0	0	0	63
3577	0	0	0	63
3582	0	0	0	63
3587	0	0	0	63
3592	0	0	0	63
3597	0	0	0	63
3602	0	0	0	63
3607	0	0	0	63
3612	0	0	0	63
3618	0	0	0	63
3623	0	0	0	63
3628	0	0	0	63
3633	0	0	0	63
3638	0	0	0	63
3643	0	0	0	63
3649	0	0	0	63
3654	0	0	0	63
3659	0	0	0	63
3664	0	0	0	63
3669	0	0	0	63
3674	0	0	0	63
3679	0	0	0	63
3684	0	0	0	63
3689	0	0	0	63
3694	0	0	0	63
3700	0	0	0	63
3705	0	0	0	63
3710	0	0	0	63
3715	0	0	0	63
3720	0	0	0	63
3725	0	0	0	63
3730	0	0	0	63
3735	0	0	0	63
3740	0	0	0	63
3745	0	0	0	63
3750	0	0	0	63
3755	0	0	0	63
3762	0	0	0	63
3767	0	0	0	63
3772	0	0	0	63
3777	0	0	0	63
3790	0	0	0	63
3795	0	0	0	63
3800	0	0	0	63
3805	0	0	0	63
3810	0	0	0	63
3815	0	0	0	63
3820	0	0	0	63
3827	0	0	0	63
3832	0	0	0	63
3837	0	0	0	63
3842	0	0	0	63
3847	0	0	0	63
3852	0	0	0	63
3857	0	0	0	63
3862	0	0	0	63
3867	0	0	0	63
3872	0	0	0	63
3877	0	0	0	63
3882	0	0	0	63
3887	0	0	0	63
3892	0	0	0	63
3897	0	0	0	63
3902	0	0	0	63
3907	0	0	0	63
3912	0	0	0	63
3917	0	0	0	63
3923	0	0	0	63
3928	0	0	0	63
3933	0	0	0	63
3938	0	0	0	63
3943	0	0	0	63
3950	0	0	0	63
3955	0	0	0	63
3960	0	0	0	63
3965	0	0	0	63
3970	0	0	0	63
3975	0	0	0	63
3980	0	0	0	63
3985	0	0	0	63
3990	0	0	0	63
3995	0	0	0	63
4000	0	0	0	63
4005	0	0	0	63
4010	0	0	0	63
4015	0	0	0	63
4020	0	0	0	63
4030	0	0	0	63
4035	0	0	0	63
4040	0	0	0	63
4045	0	0	0	63
4050	0	0	0	63
4055	0	0	0	63
4060	0	0	0	63
4065	0	0	0	63
4070	0	0	0	63
4075	0	0	0	63
4080	0	0	0	63
4085	0	0	0	63
4090	0	0	0	63
4095	0	0	0	63
4100	0	0	0	63
4105	0	0	0	63
4110	0	0	0	63
4115	0	0	0	63
4120	0	0	0	63
4125	0	0	0	63
4130	0	0	0	63
4135	0	0	0	63
4140	0	0	0	63
4145	0	0	0	63
4150	0	0	0	63
4155	0	0	0	63
4160	0	0	0	63
4165	0	0	0	63
4170	0	0	0	63
4175	0	0	0	63
4180	0	0	0	63
4185	0	0	0	63
4190	0	0	0	63
4195	0	0	0	63
4200	0	0	0	63
4205	0	0	0	63
4210	0	0	0	63
4215	0	0	0	63
4220	0	0	0	63
4225	0	0	0	63
4230	0	0	0	63
4239	0	0	0	63
4244	0	0	0	63
4274	0	0	0	63
4279	0	0	0	63
4284	0	0	0	63
4289	0	0	0	63
4294	0	0	0	63
4299	0	0	0	63
4304	0	0	0	63
4309	0	0	0	63
4314	0	0	0	63
4319	0	0	0	63
4324	0	0	0	63
4329	0	0	0	63
4334	0	0	0	63
4339	0	0	0	63
4344	0	0	0	63
4349	0	0	0	63
4381	0	0	0	63
4386	0	0	0	63
4391	0	0	0	63
4396	0	0	0	63
4401	0	0	0	63
4406	0	0	0	63
4411	0	0	0	63
4417	0	0	0	63
4424	0	0	0	63
4430	0	0	0	63
4435	0	0	0	63
4466	0	0	0	63
4471	0	0	0	63
4476	0	0	0	63
4481	0	0	0	63
4486	0	0	0	63
4492	0	0	0	63
4498	0	0	0	63
4503	0	0	0	63
4508	0	0	0	63
4513	0	0	0	63
4519	0	0	0	63
4549	0	0	0	63
4554	0	0	0	63
4559	0	0	0	63
4564	0	0	0	63
4569	0	0	0	63
4574	0	0	0	63
4580	0	0	0	63
4585	0	0	0	63
4590	0	0	0	63
4595	0	0	0	63
4600	0	0	0	63
4605	0	0	0	63
4610	0	0	0	63
4615	0	0	0	63
4620	0	0	0	63
4625	0	0	0	63
4630	0	0	0	63
4635	0	0	0	63
4640	0	0	0	63
4645	0	0	0	63
4650	0	0	0	63
4655	0	0	0	63
4660	0	0	0	63
4665	0	0	0	63
4670	0	0	0	63
4675	0	0	0	63
4680	0	0	0	63
4685	0	0	0	63
4690	0	0	0	63
4695	0	0	0	63
4700	0	0	0	63
4705	0	0	0	63
4710	0	0	0	63
4715	0	0	0	63
4720	0	0	0	63
4725	0	0	0	63
4730	0	0	0	63
4735	0	0	0	63
4745	0	0	0	63
4750	0	0	0	63
4755	0	0	0	63
4760	0	0	0	63
4765	0	0	0	63
4770	0	0	0	63
4775	0	0	0	63
4780	0	0	0	63
4787	0	0	0	63
4792	0	0	0	63
4853	0	0	0	63
4858	0	0	0	63
4863	0	0	0	63
4868	0	0	0	63
4873	0	0	0	63
4878	0	0	0	63
4883	0	0	0	63
4888	0	0	0	63
4893	0	0	0	63
4899	0	0	0	63
4904	0	0	0	63
4909	0	0	0	63
4914	0	0	0	63
4925	0	0	0	63
4930	0	0	0	63
4935	0	0	0	63
4940	0	0	0	63
4946	0	0	0	63
4952	0	0	0	63
4957	0	0	0	63
4962	0	0	0	63
4967	0	0	0	63
4972	0	0	0	63
4977	0	0	0	63
4982	0	0	0	63
4987	0	0	0	63
4992	0	0	0	63
4997	0	0	0	63
5002	0	0	0	63
5009	0	0	0	63
5014	0	0	0	63
5019	0	0	0	63
5024	0	0	0	63
5029	0	0	0	63
5034	0	0	0	63
5039	0	0	0	63
5044	0	0	0	63
5049	0	0	0	63
5054	0	0	0	63
5059	0	0	0	63
5064	0	0	0	63
5069	0	0	0	63
5074	0	0	0	63
5079	0	0	0	63
5084	0	0	0	63
5089	0	0	0	63
5094	0	0	0	63
5099	0	0	0	63
5104	0	0	0	63
5135	0	0	0	63
5140	0	0	0	63
5145	0	0	0	63
5150	0	0	0	63
5155	0	0	0	63
5160	0	0	0	63
5165	0	0	0	63
5170	0	0	0	63
5175	0	0	0	63
5180	0	0	0	63
5185	0	0	0	63
5190	0	0	0	63
5195	0	0	0	63
5200	0	0	0	63
5205	0	0	0	63
5210	0	0	0	63
5216	0	0	0	63
5221	0	0	0	63
5226	0	0	0	63
5231	0	0	0	63
5236	0	0	0	63
5241	0	0	0	63
5246	0	0	0	63
5251	0	0	0	63
5256	0	0	0	63
5261	0	0	0	63
5266	0	0	0	63
5271	0	0	0	63
5276	0	0	0	63
5281	0	0	0	63
5289	0	0	0	63
5294	0	0	0	63
5299	0	0	0	63
5307	0	0	0	63
5312	0	0	0	63
5317	0	0	0	63
5322	0	0	0	63
5327	0	0	0	63
5332	0	0	0	63
5337	0	0	0	63
5342	0	0	0	63
5347	0	0	0	63
5352	0	0	0	63
5357	0	0	0	63
5362	0	0	0	63
5367	0	0	0	63
5372	0	0	0	63
5377	0	0	0	63
5382	0	0	0	63
5387	0	0	0	63
5392	0	0	0	63
5397	0	0	0	63
5402	0	0	0	63
5407	0	0	0	63
5413	0	0	0	63
5447	0	0	0	63
5452	0	0	0	63
5457	0	0	0	63
5462	0	0	0	63
5467	0	0	0	63
5472	0	0	0	63
5477	0	0	0	63
5482	0	0	0	63
5487	0	0	0	63
5492	0	0	0	63
5499	0	0	0	63
5504	0	0	0	63
5509	0	0	0	63
5514	0	0	0	63
5519	0	0	0	63
5524	0	0	0	63
5529	0	0	0	63
5534	0	0	0	63
5539	0	0	0	63
5544	0	0	0	63
5549	0	0	0	63
5554	0	0	0	63
5560	0	0	0	63
5565	0	0	0	63
5571	0	0	0	63
5576	0	0	0	63
5581	0	0	0	63
5586	0	0	0	63
5591	0	0	0	63
5596	0	0	0	63
5601	0	0	0	63
5606	0	0	0	63
5611	0	0	0	63
5616	0	0	0	63
5621	0	0	0	63
5626	0	0	0	63
5631	0	0	0	63
5636	0	0	0	63
5641	0	0	0	63
5646	0	0	0	63
5651	0	0	0	63
5656	0	0	0	63
5661	0	0	0	63
5673	0	0	0	63
5678	0	0	0	63
5683	0	0	0	63
5688	0	0	0	63
5693	0	0	0	63
5698	0	0	0	63
5703	0	0	0	63
5708	0	0	0	63
5713	0	0	0	63
5719	0	0	0	63
5724	0	0	0	63
5729	0	0	0	63
5734	0	0	0	63
5739	0	0	0	63
5748	0	0	0	63
5753	0	0	0	63
5758	0	0	0	63
5763	0	0	0	63
5768	0	0	0	63
5773	0	0	0	63
5778	0	0	0	63
5783	0	0	0	63
5788	0	0	0	63
5796	0	0	0	63
5801	0	0	0	63
5806	0	0	0	63
5811	0	0	0	63
5816	0	0	0	63
5822	0	0	0	63
5827	0	0	0	63
5832	0	0	0	63
