4282	0	0	1.000000
4283	0	0	1.000000
4284	0	0	1.000000
4285	0	0	1.000000
4286	0	0	1.000000
4287	0	0	1.000000
4288	0	0	1.000000
4291	0	0	1.000000
4292	0	0	1.000000
4295	0	0	1.000000
4297	0	0	1.000000
4298	0	0	1.000000
4299	0	0	1.000000
4300	0	0	1.000000
4301	0	0	1.000000
4302	0	0	1.000000
4305	0	0	1.000000
4311	0	0	1.000000
4312	0	0	1.000000
4330	0	0	1.000000
4331	0	0	1.000000
4332	0	0	1.000000
4333	0	0	1.000000
4334	0	0	1.000000
4335	0	0	1.000000
4336	0	0	1.000000
4337	0	0	1.000000
4338	0	0	1.000000
4339	0	0	1.000000
4340	0	0	1.000000
4341	0	0	1.000000
4342	0	0	1.000000
4343	0	0	1.000000
4344	0	0	1.000000
4345	0	0	1.000000
4346	0	0	1.000000
4347	0	0	1.000000
4348	0	0	1.000000
4349	1881	107	2.000000
4352	0	0	1.000000
4353	0	0	1.000000
4354	0	0	1.000000
4355	0	0	1.000000
4356	0	0	1.000000
4394	0	0	1.000000
4434	0	0	1.000000
4474	4082	1326	2.000000
4482	0	0	1.000000
4487	0	0	1.000000
4492	0	0	1.000000
4497	0	0	1.000000
4502	0	0	1.000000
4507	0	0	1.000000
4511	0	0	1.000000
4512	0	0	1.000000
4517	1071	515	2.000000
4522	2558	1552	1.648196
4527	919	1552	0.592139
4532	0	0	1.000000
4537	0	0	1.000000
4542	0	0	1.000000
4547	0	0	1.000000
4552	29249	2490	2.000000
4557	23174	3413	2.000000
4562	19890	274	2.000000
4565	0	0	1.000000
4567	0	0	1.000000
4572	0	0	1.000000
4577	0	0	1.000000
4579	0	0	1.000000
4582	0	0	1.000000
4587	28947	10	2.000000
4592	23939	107	2.000000
4595	0	0	1.000000
4597	0	0	1.000000
4602	0	0	1.000000
4607	0	0	1.000000
4609	0	0	1.000000
4612	0	0	1.000000
4617	0	0	1.000000
4622	0	0	1.000000
4627	0	0	1.000000
4632	0	0	1.000000
4637	0	0	1.000000
4642	0	0	1.000000
4643	0	0	1.000000
4647	0	0	1.000000
4652	0	0	1.000000
4657	0	0	1.000000
4662	0	0	1.000000
4667	0	0	1.000000
4672	0	0	1.000000
4677	0	0	1.000000
4681	0	0	1.000000
4682	0	0	1.000000
4687	0	0	1.000000
4692	0	0	1.000000
4697	0	0	1.000000
4702	0	0	1.000000
4711	0	0	1.000000
4712	0	0	1.000000
4717	0	0	1.000000
4722	0	0	1.000000
4727	0	0	1.000000
4732	0	0	1.000000
4737	0	0	1.000000
4742	0	0	1.000000
4747	0	0	1.000000
4752	0	0	1.000000
4757	0	0	1.000000
4762	0	0	1.000000
4767	0	0	1.000000
4772	0	0	1.000000
4777	0	0	1.000000
4783	0	0	1.000000
4787	0	0	1.000000
4792	0	0	1.000000
4797	0	0	1.000000
4802	0	0	1.000000
4807	0	0	1.000000
4812	0	0	1.000000
4817	0	0	1.000000
4822	1500	515	2.000000
4827	1047	234	2.000000
4830	0	0	1.000000
4832	0	0	1.000000
4837	0	0	1.000000
4842	0	0	1.000000
4847	0	0	1.000000
4852	0	0	1.000000
4857	0	0	1.000000
4862	0	0	1.000000
4867	0	0	1.000000
4871	0	0	1.000000
4872	0	0	1.000000
4877	0	0	1.000000
4882	0	0	1.000000
4887	0	0	1.000000
4892	0	0	1.000000
4897	27295	967	2.000000
4902	14780	706	2.000000
4905	0	0	1.000000
4907	0	0	1.000000
4912	0	0	1.000000
4917	0	0	1.000000
4922	0	0	1.000000
4927	0	0	1.000000
4932	0	0	1.000000
4937	0	0	1.000000
4942	0	0	1.000000
4947	0	0	1.000000
4952	0	0	1.000000
4957	0	0	1.000000
4962	0	0	1.000000
4967	0	0	1.000000
4968	0	0	1.000000
4972	0	0	1.000000
4977	0	0	1.000000
4982	0	0	1.000000
4987	0	0	1.000000
4992	0	0	1.000000
4997	0	0	1.000000
5002	0	0	1.000000
5004	0	0	1.000000
5007	0	0	1.000000
5012	0	0	1.000000
5016	0	0	1.000000
5017	0	0	1.000000
5022	0	0	1.000000
5027	0	0	1.000000
5032	0	0	1.000000
5037	0	0	1.000000
5038	0	0	1.000000
5042	0	0	1.000000
5050	0	0	1.000000
5052	0	0	1.000000
5054	0	0	1.000000
5057	0	0	1.000000
5062	0	0	1.000000
5067	0	0	1.000000
5072	0	0	1.000000
5077	0	0	1.000000
5078	0	0	1.000000
5082	0	0	1.000000
5087	0	0	1.000000
5090	0	0	1.000000
5092	0	0	1.000000
5097	0	0	1.000000
5102	0	0	1.000000
5107	0	0	1.000000
5108	0	0	1.000000
5112	0	0	1.000000
5117	0	0	1.000000
5118	0	0	1.000000
5122	0	0	1.000000
5127	0	0	1.000000
5131	0	0	1.000000
5132	0	0	1.000000
5137	0	0	1.000000
5140	0	0	1.000000
5142	0	0	1.000000
5147	0	0	1.000000
5152	0	0	1.000000
5157	0	0	1.000000
5160	0	0	1.000000
5162	0	0	1.000000
5169	45203	57	2.000000
5170	0	0	1.000000
5172	0	0	1.000000
5177	0	0	1.000000
5182	0	0	1.000000
5187	40733	91	2.000000
5192	0	0	1.000000
5193	0	0	1.000000
5197	0	0	1.000000
5202	20866	200	2.000000
5203	0	0	1.000000
5207	21460	57	2.000000
5212	21336	440	2.000000
5217	25861	78	2.000000
5222	30776	376	2.000000
5227	34447	440	2.000000
5232	38022	321	2.000000
5237	40468	78	2.000000
5240	0	0	1.000000
5241	0	0	1.000000
5242	0	0	1.000000
5251	46356	171	2.000000
5252	0	0	1.000000
5257	0	0	1.000000
5261	0	0	1.000000
5262	0	0	1.000000
5268	0	0	1.000000
5271	37416	321	2.000000
5277	0	0	1.000000
5281	0	0	1.000000
5282	0	0	1.000000
5287	0	0	1.000000
5291	0	0	1.000000
5292	0	0	1.000000
5297	0	0	1.000000
5301	0	0	1.000000
5302	0	0	1.000000
5307	0	0	1.000000
5311	0	0	1.000000
5312	0	0	1.000000
5317	0	0	1.000000
5321	0	0	1.000000
5322	0	0	1.000000
5327	41232	171	2.000000
5332	35883	91	2.000000
5337	32361	376	2.000000
5342	24598	125	2.000000
5347	21207	321	2.000000
5352	0	0	1.000000
5357	0	0	1.000000
5361	0	0	1.000000
5362	0	0	1.000000
5367	0	0	1.000000
5371	0	0	1.000000
5372	0	0	1.000000
5377	0	0	1.000000
5381	0	0	1.000000
5382	0	0	1.000000
5387	0	0	1.000000
5391	0	0	1.000000
5392	0	0	1.000000
5397	0	0	1.000000
5401	0	0	1.000000
5402	0	0	1.000000
5407	0	0	1.000000
5411	0	0	1.000000
5412	0	0	1.000000
5420	0	0	1.000000
5421	0	0	1.000000
5422	0	0	1.000000
5427	0	0	1.000000
5431	0	0	1.000000
5432	0	0	1.000000
5440	0	0	1.000000
5441	0	0	1.000000
5442	0	0	1.000000
5447	0	0	1.000000
5451	0	0	1.000000
5452	0	0	1.000000
5457	0	0	1.000000
5461	0	0	1.000000
5462	0	0	1.000000
5467	0	0	1.000000
5471	0	0	1.000000
5472	0	0	1.000000
5477	0	0	1.000000
5481	0	0	1.000000
5482	0	0	1.000000
5487	0	0	1.000000
5491	0	0	1.000000
5492	0	0	1.000000
5498	0	0	1.000000
5501	0	0	1.000000
5502	0	0	1.000000
5511	0	0	1.000000
5514	0	0	1.000000
5518	0	0	1.000000
5521	0	0	1.000000
5522	0	0	1.000000
5529	0	0	1.000000
5531	0	0	1.000000
5532	0	0	1.000000
5537	0	0	1.000000
5541	0	0	1.000000
5542	0	0	1.000000
5547	0	0	1.000000
5551	0	0	1.000000
5554	0	0	1.000000
5557	0	0	1.000000
5561	0	0	1.000000
5562	0	0	1.000000
5567	0	0	1.000000
5571	0	0	1.000000
5572	0	0	1.000000
5581	0	0	1.000000
5582	0	0	1.000000
5587	0	0	1.000000
5591	0	0	1.000000
5592	0	0	1.000000
5601	0	0	1.000000
5602	0	0	1.000000
5607	0	0	1.000000
5611	0	0	1.000000
5612	0	0	1.000000
5617	0	0	1.000000
5621	0	0	1.000000
5622	0	0	1.000000
5627	0	0	1.000000
5631	0	0	1.000000
5632	0	0	1.000000
5637	0	0	1.000000
5641	0	0	1.000000
5642	0	0	1.000000
5647	0	0	1.000000
5651	0	0	1.000000
5652	0	0	1.000000
5660	0	0	1.000000
5661	0	0	1.000000
5662	0	0	1.000000
5668	0	0	1.000000
5671	0	0	1.000000
5672	0	0	1.000000
5680	0	0	1.000000
5681	0	0	1.000000
5682	0	0	1.000000
5687	0	0	1.000000
5691	0	0	1.000000
5692	0	0	1.000000
5697	0	0	1.000000
5701	0	0	1.000000
5702	0	0	1.000000
5707	0	0	1.000000
5711	0	0	1.000000
5712	0	0	1.000000
5722	839	10	2.000000
5727	0	0	1.000000
5731	0	0	1.000000
5732	0	0	1.000000
5737	0	0	1.000000
5741	0	0	1.000000
5742	0	0	1.000000
5747	0	0	1.000000
5751	0	0	1.000000
5764	0	0	1.000000
5771	0	0	1.000000
5777	0	0	1.000000
5781	0	0	1.000000
5782	0	0	1.000000
5790	0	0	1.000000
5791	0	0	1.000000
5792	0	0	1.000000
5797	0	0	1.000000
5801	0	0	1.000000
5802	0	0	1.000000
5807	0	0	1.000000
5811	0	0	1.000000
5812	0	0	1.000000
5817	0	0	1.000000
5821	0	0	1.000000
5822	0	0	1.000000
5830	0	0	1.000000
5831	0	0	1.000000
5832	0	0	1.000000
5837	0	0	1.000000
5841	0	0	1.000000
5842	0	0	1.000000
5850	0	0	1.000000
5851	0	0	1.000000
5852	0	0	1.000000
5857	0	0	1.000000
5861	0	0	1.000000
5862	0	0	1.000000
5867	0	0	1.000000
5871	0	0	1.000000
5876	0	0	1.000000
5877	0	0	1.000000
5881	0	0	1.000000
5882	0	0	1.000000
5887	0	0	1.000000
5891	0	0	1.000000
5892	0	0	1.000000
5898	0	0	1.000000
5901	0	0	1.000000
5902	0	0	1.000000
5907	0	0	1.000000
5912	0	0	1.000000
5917	0	0	1.000000
5921	0	0	1.000000
5922	0	0	1.000000
5927	0	0	1.000000
5931	0	0	1.000000
5932	0	0	1.000000
5938	0	0	1.000000
5941	0	0	1.000000
5942	0	0	1.000000
5947	0	0	1.000000
5951	0	0	1.000000
5952	0	0	1.000000
5957	32871	78	2.000000
5961	0	0	1.000000
5962	0	0	1.000000
5967	0	0	1.000000
5971	0	0	1.000000
5972	0	0	1.000000
5977	0	0	1.000000
5981	0	0	1.000000
5983	0	0	1.000000
5987	0	0	1.000000
5991	0	0	1.000000
5992	0	0	1.000000
5997	0	0	1.000000
6001	0	0	1.000000
6002	0	0	1.000000
6010	0	0	1.000000
6011	0	0	1.000000
6012	0	0	1.000000
6017	0	0	1.000000
6021	0	0	1.000000
6022	0	0	1.000000
6027	0	0	1.000000
6031	0	0	1.000000
6032	0	0	1.000000
6037	0	0	1.000000
6041	0	0	1.000000
6042	0	0	1.000000
6047	0	0	1.000000
6051	0	0	1.000000
6052	0	0	1.000000
6057	0	0	1.000000
6061	0	0	1.000000
6062	0	0	1.000000
6067	0	0	1.000000
6071	0	0	1.000000
6072	0	0	1.000000
6077	0	0	1.000000
6081	0	0	1.000000
6082	0	0	1.000000
6088	0	0	1.000000
6091	0	0	1.000000
6093	0	0	1.000000
6097	0	0	1.000000
6106	0	0	1.000000
6107	0	0	1.000000
6111	0	0	1.000000
6112	0	0	1.000000
6117	0	0	1.000000
6121	0	0	1.000000
6122	0	0	1.000000
6127	0	0	1.000000
6131	0	0	1.000000
6132	0	0	1.000000
6137	0	0	1.000000
6141	0	0	1.000000
6142	0	0	1.000000
6147	0	0	1.000000
6151	0	0	1.000000
6152	0	0	1.000000
6160	0	0	1.000000
6161	0	0	1.000000
6162	0	0	1.000000
6167	0	0	1.000000
6171	0	0	1.000000
6172	0	0	1.000000
6177	0	0	1.000000
6181	0	0	1.000000
6182	0	0	1.000000
6187	0	0	1.000000
6191	0	0	1.000000
6192	0	0	1.000000
6197	0	0	1.000000
6201	0	0	1.000000
6202	0	0	1.000000
6207	0	0	1.000000
6211	0	0	1.000000
6212	0	0	1.000000
6217	0	0	1.000000
6221	0	0	1.000000
6222	0	0	1.000000
6227	0	0	1.000000
6231	0	0	1.000000
6241	879	19	2.000000
6244	0	0	1.000000
6247	0	0	1.000000
6251	0	0	1.000000
6252	0	0	1.000000
6257	0	0	1.000000
6261	0	0	1.000000
6262	0	0	1.000000
6270	0	0	1.000000
6271	0	0	1.000000
6272	0	0	1.000000
6278	0	0	1.000000
6281	0	0	1.000000
6282	0	0	1.000000
6290	0	0	1.000000
6292	0	0	1.000000
6297	0	0	1.000000
6301	0	0	1.000000
6302	0	0	1.000000
6311	0	0	1.000000
6312	0	0	1.000000
6317	0	0	1.000000
6321	0	0	1.000000
6322	0	0	1.000000
6327	0	0	1.000000
6331	0	0	1.000000
6332	0	0	1.000000
6337	0	0	1.000000
6341	0	0	1.000000
6342	0	0	1.000000
6347	0	0	1.000000
6351	0	0	1.000000
6352	0	0	1.000000
6357	0	0	1.000000
6361	0	0	1.000000
6362	0	0	1.000000
6367	0	0	1.000000
6371	0	0	1.000000
6372	0	0	1.000000
6377	0	0	1.000000
6381	0	0	1.000000
6382	0	0	1.000000
6387	0	0	1.000000
6391	27324	78	2.000000
6392	0	0	1.000000
6397	0	0	1.000000
6401	0	0	1.000000
6402	0	0	1.000000
6407	0	0	1.000000
6411	0	0	1.000000
6414	0	0	1.000000
6421	0	0	1.000000
6425	0	0	1.000000
6427	0	0	1.000000
6431	0	0	1.000000
6432	0	0	1.000000
6438	0	0	1.000000
6441	0	0	1.000000
6443	0	0	1.000000
6448	0	0	1.000000
6458	0	0	1.000000
6461	0	0	1.000000
6462	0	0	1.000000
6468	0	0	1.000000
6471	0	0	1.000000
6472	0	0	1.000000
6480	23280	10	2.000000
6482	0	0	1.000000
6484	0	0	1.000000
6488	0	0	1.000000
6492	0	0	1.000000
6494	0	0	1.000000
6498	0	0	1.000000
6502	0	0	1.000000
6504	0	0	1.000000
6507	0	0	1.000000
6512	0	0	1.000000
6514	0	0	1.000000
6517	0	0	1.000000
6524	0	0	1.000000
6628	0	0	1.000000
6633	0	0	1.000000
6634	0	0	1.000000
6638	0	0	1.000000
6643	0	0	1.000000
6644	0	0	1.000000
6648	0	0	1.000000
6653	0	0	1.000000
6654	0	0	1.000000
6662	0	0	1.000000
6664	0	0	1.000000
6668	0	0	1.000000
6673	0	0	1.000000
6678	0	0	1.000000
6683	0	0	1.000000
6684	0	0	1.000000
6692	0	0	1.000000
6693	0	0	1.000000
6694	0	0	1.000000
6698	0	0	1.000000
6703	0	0	1.000000
6704	0	0	1.000000
6708	0	0	1.000000
6713	0	0	1.000000
6714	0	0	1.000000
6718	0	0	1.000000
6723	0	0	1.000000
6724	0	0	1.000000
6728	0	0	1.000000
6733	0	0	1.000000
6734	0	0	1.000000
6738	0	0	1.000000
6743	0	0	1.000000
6744	0	0	1.000000
6748	0	0	1.000000
6753	0	0	1.000000
6754	0	0	1.000000
6758	0	0	1.000000
6763	0	0	1.000000
6764	0	0	1.000000
6768	0	0	1.000000
6773	0	0	1.000000
6774	0	0	1.000000
6784	0	0	1.000000
6791	0	0	1.000000
6793	0	0	1.000000
6794	0	0	1.000000
6798	0	0	1.000000
6803	0	0	1.000000
6804	0	0	1.000000
6808	0	0	1.000000
6813	0	0	1.000000
6814	0	0	1.000000
6818	0	0	1.000000
6823	0	0	1.000000
6824	0	0	1.000000
6828	0	0	1.000000
6833	0	0	1.000000
6834	0	0	1.000000
6838	0	0	1.000000
6843	0	0	1.000000
6848	0	0	1.000000
6853	0	0	1.000000
6858	0	0	1.000000
6863	0	0	1.000000
6864	0	0	1.000000
6873	0	0	1.000000
6878	0	0	1.000000
6883	0	0	1.000000
6888	0	0	1.000000
6894	0	0	1.000000
6898	0	0	1.000000
6904	0	0	1.000000
6908	0	0	1.000000
6919	0	0	1.000000
6923	0	0	1.000000
6924	0	0	1.000000
6929	0	0	1.000000
6933	0	0	1.000000
6942	17037	10	2.000000
6948	0	0	1.000000
6953	0	0	1.000000
6958	0	0	1.000000
6963	0	0	1.000000
6964	0	0	1.000000
6968	0	0	1.000000
6974	0	0	1.000000
6978	0	0	1.000000
6984	0	0	1.000000
6988	0	0	1.000000
6995	0	0	1.000000
7002	0	0	1.000000
7003	0	0	1.000000
7004	0	0	1.000000
7008	0	0	1.000000
7014	0	0	1.000000
7018	0	0	1.000000
7024	0	0	1.000000
7035	0	0	1.000000
7044	0	0	1.000000
7045	0	0	1.000000
7050	0	0	1.000000
7054	0	0	1.000000
7055	0	0	1.000000
7060	0	0	1.000000
7064	0	0	1.000000
7065	0	0	1.000000
7070	0	0	1.000000
7074	0	0	1.000000
7079	0	0	1.000000
7080	0	0	1.000000
7084	0	0	1.000000
7085	0	0	1.000000
7090	0	0	1.000000
7094	0	0	1.000000
7095	0	0	1.000000
7104	0	0	1.000000
7112	7073	78	2.000000
7114	0	0	1.000000
7116	0	0	1.000000
7121	0	0	1.000000
7125	0	0	1.000000
7126	0	0	1.000000
7131	0	0	1.000000
7140	0	0	1.000000
7141	0	0	1.000000
7144	0	0	1.000000
7146	0	0	1.000000
7154	24194	31	2.000000
7156	0	0	1.000000
7161	0	0	1.000000
7164	0	0	1.000000
7166	0	0	1.000000
7173	0	0	1.000000
7174	0	0	1.000000
7176	0	0	1.000000
7181	0	0	1.000000
7185	0	0	1.000000
7186	0	0	1.000000
7191	0	0	1.000000
7194	0	0	1.000000
7196	0	0	1.000000
7201	0	0	1.000000
7204	0	0	1.000000
7206	0	0	1.000000
7211	0	0	1.000000
7214	0	0	1.000000
7216	0	0	1.000000
7221	0	0	1.000000
7226	0	0	1.000000
7231	0	0	1.000000
7234	0	0	1.000000
7236	0	0	1.000000
7243	0	0	1.000000
7244	0	0	1.000000
7246	0	0	1.000000
7254	0	0	1.000000
7261	0	0	1.000000
7266	0	0	1.000000
7271	0	0	1.000000
7276	0	0	1.000000
7280	0	0	1.000000
7281	0	0	1.000000
7286	0	0	1.000000
7294	0	0	1.000000
7296	0	0	1.000000
7300	0	0	1.000000
7304	0	0	1.000000
7306	0	0	1.000000
7310	0	0	1.000000
7313	0	0	1.000000
7316	0	0	1.000000
7320	0	0	1.000000
7321	0	0	1.000000
7326	0	0	1.000000
7330	0	0	1.000000
7331	0	0	1.000000
7337	0	0	1.000000
7340	0	0	1.000000
7341	0	0	1.000000
7346	0	0	1.000000
7351	0	0	1.000000
7356	0	0	1.000000
7360	0	0	1.000000
7361	0	0	1.000000
7366	0	0	1.000000
7370	0	0	1.000000
7371	0	0	1.000000
7376	0	0	1.000000
7380	0	0	1.000000
7381	0	0	1.000000
7386	0	0	1.000000
7390	0	0	1.000000
7391	0	0	1.000000
7396	0	0	1.000000
7400	0	0	1.000000
7406	0	0	1.000000
7410	0	0	1.000000
7411	0	0	1.000000
7419	0	0	1.000000
7420	0	0	1.000000
7421	0	0	1.000000
7426	0	0	1.000000
7431	0	0	1.000000
7435	0	0	1.000000
7436	0	0	1.000000
7441	0	0	1.000000
7445	0	0	1.000000
7446	0	0	1.000000
7451	0	0	1.000000
7461	0	0	1.000000
7465	0	0	1.000000
7470	0	0	1.000000
7471	0	0	1.000000
7476	0	0	1.000000
7481	0	0	1.000000
7482	0	0	1.000000
7486	0	0	1.000000
7492	0	0	1.000000
7496	0	0	1.000000
7501	0	0	1.000000
7502	0	0	1.000000
7506	0	0	1.000000
7511	0	0	1.000000
7512	0	0	1.000000
7516	0	0	1.000000
7522	0	0	1.000000
7526	0	0	1.000000
7531	0	0	1.000000
7532	0	0	1.000000
7536	0	0	1.000000
7546	0	0	1.000000
7551	0	0	1.000000
7552	0	0	1.000000
7556	0	0	1.000000
7561	0	0	1.000000
7562	0	0	1.000000
7571	618	10	2.000000
7572	0	0	1.000000
7576	0	0	1.000000
7581	0	0	1.000000
7582	0	0	1.000000
7590	0	0	1.000000
7591	0	0	1.000000
7596	0	0	1.000000
7598	0	0	1.000000
7602	0	0	1.000000
7608	0	0	1.000000
7611	0	0	1.000000
7616	0	0	1.000000
7621	0	0	1.000000
7628	0	0	1.000000
7632	0	0	1.000000
7636	0	0	1.000000
7638	0	0	1.000000
7641	0	0	1.000000
7646	0	0	1.000000
7649	0	0	1.000000
7651	0	0	1.000000
7656	0	0	1.000000
7658	0	0	1.000000
7662	0	0	1.000000
7666	0	0	1.000000
7668	0	0	1.000000
7671	0	0	1.000000
7676	0	0	1.000000
7678	0	0	1.000000
7681	0	0	1.000000
7686	0	0	1.000000
7688	0	0	1.000000
7691	0	0	1.000000
7696	0	0	1.000000
7698	0	0	1.000000
7701	0	0	1.000000
7706	0	0	1.000000
7708	0	0	1.000000
7711	0	0	1.000000
7716	0	0	1.000000
7718	0	0	1.000000
7722	0	0	1.000000
7726	0	0	1.000000
7728	0	0	1.000000
7731	0	0	1.000000
7736	0	0	1.000000
7738	0	0	1.000000
7741	0	0	1.000000
7747	0	0	1.000000
7748	0	0	1.000000
7751	0	0	1.000000
7756	0	0	1.000000
7758	0	0	1.000000
7761	0	0	1.000000
7766	0	0	1.000000
7768	0	0	1.000000
7771	0	0	1.000000
7776	0	0	1.000000
7778	0	0	1.000000
7781	0	0	1.000000
7786	0	0	1.000000
7789	0	0	1.000000
7791	0	0	1.000000
7796	0	0	1.000000
7798	0	0	1.000000
7801	0	0	1.000000
7806	0	0	1.000000
7808	0	0	1.000000
7811	0	0	1.000000
7816	0	0	1.000000
7818	0	0	1.000000
7821	0	0	1.000000
7828	634	78	2.000000
7829	0	0	1.000000
7831	0	0	1.000000
7836	0	0	1.000000
7838	0	0	1.000000
7841	0	0	1.000000
7846	0	0	1.000000
7848	0	0	1.000000
7851	0	0	1.000000
7856	0	0	1.000000
7858	0	0	1.000000
7861	0	0	1.000000
7866	0	0	1.000000
7868	0	0	1.000000
7871	0	0	1.000000
7876	0	0	1.000000
7878	0	0	1.000000
7881	0	0	1.000000
7886	0	0	1.000000
7888	0	0	1.000000
7891	0	0	1.000000
7896	0	0	1.000000
7898	0	0	1.000000
7901	0	0	1.000000
7907	0	0	1.000000
7908	0	0	1.000000
7916	0	0	1.000000
7918	0	0	1.000000
7921	0	0	1.000000
7926	0	0	1.000000
7928	0	0	1.000000
7931	0	0	1.000000
7936	0	0	1.000000
7938	0	0	1.000000
7941	0	0	1.000000
7946	0	0	1.000000
7948	0	0	1.000000
7951	0	0	1.000000
7956	0	0	1.000000
7958	0	0	1.000000
7961	0	0	1.000000
7966	0	0	1.000000
7968	0	0	1.000000
7971	0	0	1.000000
7976	0	0	1.000000
7978	0	0	1.000000
7981	0	0	1.000000
7986	0	0	1.000000
7988	0	0	1.000000
7991	0	0	1.000000
7996	0	0	1.000000
7998	0	0	1.000000
8001	0	0	1.000000
8006	0	0	1.000000
8008	0	0	1.000000
8011	0	0	1.000000
8016	0	0	1.000000
8018	0	0	1.000000
8021	0	0	1.000000
8027	0	0	1.000000
8028	0	0	1.000000
8031	0	0	1.000000
8041	0	0	1.000000
8046	0	0	1.000000
8048	0	0	1.000000
8051	0	0	1.000000
8056	0	0	1.000000
8058	0	0	1.000000
8061	0	0	1.000000
8066	0	0	1.000000
8068	0	0	1.000000
8071	0	0	1.000000
8076	0	0	1.000000
8078	0	0	1.000000
8081	0	0	1.000000
8086	0	0	1.000000
8088	0	0	1.000000
8091	0	0	1.000000
8096	0	0	1.000000
8098	0	0	1.000000
8101	0	0	1.000000
8106	0	0	1.000000
8108	0	0	1.000000
8111	0	0	1.000000
8116	0	0	1.000000
8118	0	0	1.000000
8121	0	0	1.000000
8129	0	0	1.000000
8131	0	0	1.000000
8136	0	0	1.000000
8138	0	0	1.000000
8141	0	0	1.000000
8146	0	0	1.000000
8148	0	0	1.000000
8151	0	0	1.000000
8156	0	0	1.000000
8158	0	0	1.000000
8161	0	0	1.000000
8166	0	0	1.000000
8168	0	0	1.000000
8171	0	0	1.000000
8176	0	0	1.000000
8178	0	0	1.000000
8181	0	0	1.000000
8186	0	0	1.000000
8188	0	0	1.000000
8191	0	0	1.000000
8196	0	0	1.000000
8198	0	0	1.000000
8201	0	0	1.000000
8206	0	0	1.000000
8208	0	0	1.000000
8211	0	0	1.000000
8216	0	0	1.000000
8218	0	0	1.000000
8221	0	0	1.000000
8226	0	0	1.000000
8228	0	0	1.000000
8231	0	0	1.000000
8236	0	0	1.000000
8238	0	0	1.000000
8241	0	0	1.000000
8246	0	0	1.000000
8248	0	0	1.000000
8251	0	0	1.000000
8256	0	0	1.000000
8258	0	0	1.000000
8261	0	0	1.000000
8266	0	0	1.000000
8268	0	0	1.000000
8271	0	0	1.000000
8276	0	0	1.000000
8278	0	0	1.000000
8282	0	0	1.000000
8286	0	0	1.000000
8288	0	0	1.000000
8291	0	0	1.000000
8296	0	0	1.000000
8298	0	0	1.000000
8301	0	0	1.000000
8306	0	0	1.000000
8308	0	0	1.000000
8311	0	0	1.000000
8317	0	0	1.000000
8318	0	0	1.000000
8323	0	0	1.000000
8326	0	0	1.000000
8330	0	0	1.000000
8331	0	0	1.000000
8336	0	0	1.000000
8338	0	0	1.000000
8341	0	0	1.000000
8347	0	0	1.000000
8348	0	0	1.000000
8351	0	0	1.000000
8356	0	0	1.000000
8358	0	0	1.000000
8361	0	0	1.000000
8366	0	0	1.000000
8368	0	0	1.000000
8371	0	0	1.000000
8376	0	0	1.000000
8378	0	0	1.000000
8381	0	0	1.000000
8386	0	0	1.000000
8388	0	0	1.000000
8391	0	0	1.000000
8396	0	0	1.000000
8400	0	0	1.000000
8401	0	0	1.000000
8406	0	0	1.000000
8410	0	0	1.000000
8411	0	0	1.000000
8420	4225	10	2.000000
8421	0	0	1.000000
8426	0	0	1.000000
8435	0	0	1.000000
8436	0	0	1.000000
8440	0	0	1.000000
8441	0	0	1.000000
8446	0	0	1.000000
8450	0	0	1.000000
8451	0	0	1.000000
8456	0	0	1.000000
8460	0	0	1.000000
8461	0	0	1.000000
8466	0	0	1.000000
8470	0	0	1.000000
8471	0	0	1.000000
8476	0	0	1.000000
8480	0	0	1.000000
8481	0	0	1.000000
8489	0	0	1.000000
8490	0	0	1.000000
8491	0	0	1.000000
8496	0	0	1.000000
8500	0	0	1.000000
8501	0	0	1.000000
8506	0	0	1.000000
8510	0	0	1.000000
8511	0	0	1.000000
8516	0	0	1.000000
8520	0	0	1.000000
8521	0	0	1.000000
8526	0	0	1.000000
8530	0	0	1.000000
8531	0	0	1.000000
8536	0	0	1.000000
8540	0	0	1.000000
8541	0	0	1.000000
8549	0	0	1.000000
8550	0	0	1.000000
8551	0	0	1.000000
8556	0	0	1.000000
8560	0	0	1.000000
8561	0	0	1.000000
8566	0	0	1.000000
8570	0	0	1.000000
8571	0	0	1.000000
8576	0	0	1.000000
8580	0	0	1.000000
8581	0	0	1.000000
8588	0	0	1.000000
8590	0	0	1.000000
8591	0	0	1.000000
8597	0	0	1.000000
8600	0	0	1.000000
8601	0	0	1.000000
8606	0	0	1.000000
8610	0	0	1.000000
8611	0	0	1.000000
8616	0	0	1.000000
8620	0	0	1.000000
8621	0	0	1.000000
8626	0	0	1.000000
8630	0	0	1.000000
8631	0	0	1.000000
8636	0	0	1.000000
8640	0	0	1.000000
8641	0	0	1.000000
8646	0	0	1.000000
8651	0	0	1.000000
8656	0	0	1.000000
8660	0	0	1.000000
8661	0	0	1.000000
8666	0	0	1.000000
8670	0	0	1.000000
8671	0	0	1.000000
8676	0	0	1.000000
8680	0	0	1.000000
8681	0	0	1.000000
8686	0	0	1.000000
8690	0	0	1.000000
8691	0	0	1.000000
8696	0	0	1.000000
8700	0	0	1.000000
8701	0	0	1.000000
8706	0	0	1.000000
8711	0	0	1.000000
8712	0	0	1.000000
8716	0	0	1.000000
8721	0	0	1.000000
8722	0	0	1.000000
8726	0	0	1.000000
8731	0	0	1.000000
8732	0	0	1.000000
8736	0	0	1.000000
8741	0	0	1.000000
8742	0	0	1.000000
8749	0	0	1.000000
8751	0	0	1.000000
8753	0	0	1.000000
8756	0	0	1.000000
8761	0	0	1.000000
8762	0	0	1.000000
8766	0	0	1.000000
8771	0	0	1.000000
8772	0	0	1.000000
8776	0	0	1.000000
8781	0	0	1.000000
8782	0	0	1.000000
8786	0	0	1.000000
8791	0	0	1.000000
8792	0	0	1.000000
8800	0	0	1.000000
8801	0	0	1.000000
8802	0	0	1.000000
8806	0	0	1.000000
8811	0	0	1.000000
8812	0	0	1.000000
8816	0	0	1.000000
8821	0	0	1.000000
8822	0	0	1.000000
8826	0	0	1.000000
8831	0	0	1.000000
8832	0	0	1.000000
8836	0	0	1.000000
8841	0	0	1.000000
8842	0	0	1.000000
8846	0	0	1.000000
8851	0	0	1.000000
8852	0	0	1.000000
8856	0	0	1.000000
8862	0	0	1.000000
8870	0	0	1.000000
8871	0	0	1.000000
8876	0	0	1.000000
8881	0	0	1.000000
8885	0	0	1.000000
8886	0	0	1.000000
8891	0	0	1.000000
8895	0	0	1.000000
8896	0	0	1.000000
8901	0	0	1.000000
8905	0	0	1.000000
8906	0	0	1.000000
8911	0	0	1.000000
8915	0	0	1.000000
8916	0	0	1.000000
8921	0	0	1.000000
8925	0	0	1.000000
8926	0	0	1.000000
8931	0	0	1.000000
8935	0	0	1.000000
8936	0	0	1.000000
8941	0	0	1.000000
8945	0	0	1.000000
8946	0	0	1.000000
8951	0	0	1.000000
8955	0	0	1.000000
8956	0	0	1.000000
8961	0	0	1.000000
8965	0	0	1.000000
8966	0	0	1.000000
8971	0	0	1.000000
8975	0	0	1.000000
8976	0	0	1.000000
8981	0	0	1.000000
8985	0	0	1.000000
8986	0	0	1.000000
8989	0	0	1.000000
8991	0	0	1.000000
8995	0	0	1.000000
8996	0	0	1.000000
9001	0	0	1.000000
9006	0	0	1.000000
9011	0	0	1.000000
9015	0	0	1.000000
9016	0	0	1.000000
9022	0	0	1.000000
9025	0	0	1.000000
9026	0	0	1.000000
9031	0	0	1.000000
9035	0	0	1.000000
9036	0	0	1.000000
9041	0	0	1.000000
9045	0	0	1.000000
9046	0	0	1.000000
9051	0	0	1.000000
9056	0	0	1.000000
9061	0	0	1.000000
9066	0	0	1.000000
9071	0	0	1.000000
9076	0	0	1.000000
9081	0	0	1.000000
9086	0	0	1.000000
9096	0	0	1.000000
9104	0	0	1.000000
9106	0	0	1.000000
9111	0	0	1.000000
9114	0	0	1.000000
9116	0	0	1.000000
9121	0	0	1.000000
9124	0	0	1.000000
9126	0	0	1.000000
9131	0	0	1.000000
9135	0	0	1.000000
9136	0	0	1.000000
9141	0	0	1.000000
9144	0	0	1.000000
9146	0	0	1.000000
9151	0	0	1.000000
9154	0	0	1.000000
9156	0	0	1.000000
9161	0	0	1.000000
9164	0	0	1.000000
9166	0	0	1.000000
9171	0	0	1.000000
9174	0	0	1.000000
9176	0	0	1.000000
9181	0	0	1.000000
9184	0	0	1.000000
9186	0	0	1.000000
9191	0	0	1.000000
9194	0	0	1.000000
9196	0	0	1.000000
9201	0	0	1.000000
9204	0	0	1.000000
9206	0	0	1.000000
9211	0	0	1.000000
9214	0	0	1.000000
9216	0	0	1.000000
9221	0	0	1.000000
9224	0	0	1.000000
9226	0	0	1.000000
9231	0	0	1.000000
9234	0	0	1.000000
9236	0	0	1.000000
9241	0	0	1.000000
9244	0	0	1.000000
9251	24993	14	2.000000
9254	0	0	1.000000
9256	0	0	1.000000
9261	0	0	1.000000
9264	0	0	1.000000
9266	0	0	1.000000
9271	0	0	1.000000
9274	0	0	1.000000
9276	0	0	1.000000
9281	0	0	1.000000
9286	0	0	1.000000
9290	0	0	1.000000
9291	0	0	1.000000
9296	0	0	1.000000
9300	0	0	1.000000
9301	0	0	1.000000
9306	0	0	1.000000
9310	0	0	1.000000
9311	0	0	1.000000
9316	0	0	1.000000
9320	0	0	1.000000
9321	0	0	1.000000
9329	0	0	1.000000
9330	0	0	1.000000
9331	0	0	1.000000
9336	0	0	1.000000
9345	0	0	1.000000
9349	0	0	1.000000
9350	0	0	1.000000
9351	0	0	1.000000
9356	0	0	1.000000
9360	0	0	1.000000
9361	0	0	1.000000
9366	0	0	1.000000
9370	0	0	1.000000
9371	0	0	1.000000
9379	0	0	1.000000
9380	0	0	1.000000
9381	0	0	1.000000
9386	0	0	1.000000
9390	0	0	1.000000
9391	0	0	1.000000
9396	0	0	1.000000
9400	0	0	1.000000
9401	0	0	1.000000
9406	0	0	1.000000
9410	0	0	1.000000
9411	0	0	1.000000
9416	0	0	1.000000
9420	0	0	1.000000
9421	0	0	1.000000
9426	0	0	1.000000
9430	0	0	1.000000
9431	0	0	1.000000
9436	0	0	1.000000
9440	0	0	1.000000
9441	0	0	1.000000
9446	0	0	1.000000
9450	0	0	1.000000
9451	0	0	1.000000
9456	0	0	1.000000
9460	650	57	2.000000
9461	0	0	1.000000
9467	0	0	1.000000
9470	0	0	1.000000
9471	0	0	1.000000
9476	0	0	1.000000
9480	0	0	1.000000
9481	0	0	1.000000
9486	0	0	1.000000
9490	0	0	1.000000
9491	0	0	1.000000
9496	0	0	1.000000
9500	0	0	1.000000
9501	0	0	1.000000
9506	0	0	1.000000
9510	0	0	1.000000
9511	0	0	1.000000
9516	0	0	1.000000
9520	0	0	1.000000
9521	0	0	1.000000
9526	0	0	1.000000
9530	0	0	1.000000
9531	0	0	1.000000
9536	0	0	1.000000
9541	0	0	1.000000
9546	0	0	1.000000
9551	0	0	1.000000
9559	0	0	1.000000
9560	0	0	1.000000
9561	0	0	1.000000
9566	0	0	1.000000
9570	0	0	1.000000
9571	0	0	1.000000
9576	9064	31	2.000000
9580	0	0	1.000000
9581	0	0	1.000000
9586	0	0	1.000000
9590	0	0	1.000000
9591	0	0	1.000000
9599	0	0	1.000000
9600	0	0	1.000000
9601	0	0	1.000000
9608	22450	91	2.000000
9610	0	0	1.000000
9611	0	0	1.000000
9616	0	0	1.000000
9620	0	0	1.000000
9621	0	0	1.000000
9626	0	0	1.000000
9630	0	0	1.000000
9633	0	0	1.000000
9640	0	0	1.000000
9649	0	0	1.000000
9651	0	0	1.000000
9656	0	0	1.000000
9660	0	0	1.000000
9661	0	0	1.000000
9666	0	0	1.000000
9670	0	0	1.000000
9671	0	0	1.000000
9680	0	0	1.000000
9687	0	0	1.000000
9690	0	0	1.000000
9691	0	0	1.000000
9696	0	0	1.000000
9701	0	0	1.000000
9706	0	0	1.000000
9709	0	0	1.000000
9711	0	0	1.000000
9716	0	0	1.000000
9719	0	0	1.000000
9721	0	0	1.000000
9726	0	0	1.000000
9729	0	0	1.000000
9731	0	0	1.000000
9736	0	0	1.000000
9739	0	0	1.000000
9741	0	0	1.000000
9746	0	0	1.000000
9749	0	0	1.000000
9751	0	0	1.000000
9757	0	0	1.000000
9759	0	0	1.000000
9761	0	0	1.000000
9766	0	0	1.000000
9771	0	0	1.000000
9776	0	0	1.000000
9779	0	0	1.000000
9781	0	0	1.000000
9786	0	0	1.000000
9789	0	0	1.000000
9791	0	0	1.000000
9799	0	0	1.000000
9808	0	0	1.000000
9809	0	0	1.000000
9811	0	0	1.000000
9816	0	0	1.000000
9821	0	0	1.000000
9830	0	0	1.000000
9831	0	0	1.000000
9836	0	0	1.000000
9839	0	0	1.000000
9841	0	0	1.000000
9848	0	0	1.000000
9849	0	0	1.000000
9851	0	0	1.000000
9856	0	0	1.000000
9859	0	0	1.000000
9861	0	0	1.000000
9866	0	0	1.000000
9869	0	0	1.000000
9871	0	0	1.000000
9876	0	0	1.000000
9879	0	0	1.000000
9881	0	0	1.000000
9886	0	0	1.000000
9889	0	0	1.000000
9891	0	0	1.000000
9896	0	0	1.000000
9899	0	0	1.000000
9901	0	0	1.000000
9906	0	0	1.000000
9909	0	0	1.000000
9912	0	0	1.000000
9916	0	0	1.000000
9921	0	0	1.000000
9926	0	0	1.000000
9929	0	0	1.000000
9931	0	0	1.000000
9936	0	0	1.000000
9939	0	0	1.000000
9941	0	0	1.000000
9947	0	0	1.000000
9949	0	0	1.000000
9951	0	0	1.000000
9959	0	0	1.000000
9961	0	0	1.000000
9968	0	0	1.000000
9969	0	0	1.000000
9971	0	0	1.000000
9976	0	0	1.000000
9979	0	0	1.000000
9981	0	0	1.000000
9986	0	0	1.000000
9989	0	0	1.000000
9991	0	0	1.000000
9998	0	0	1.000000
9999	0	0	1.000000
10001	0	0	1.000000
10006	0	0	1.000000
10009	0	0	1.000000
10011	0	0	1.000000
10016	0	0	1.000000
10019	0	0	1.000000
10021	0	0	1.000000
10031	0	0	1.000000
10036	0	0	1.000000
10039	0	0	1.000000
10041	0	0	1.000000
10046	0	0	1.000000
10049	0	0	1.000000
10051	0	0	1.000000
10056	0	0	1.000000
10059	0	0	1.000000
10061	0	0	1.000000
10067	0	0	1.000000
10069	0	0	1.000000
10071	0	0	1.000000
10076	0	0	1.000000
10079	0	0	1.000000
10081	0	0	1.000000
10086	0	0	1.000000
10089	0	0	1.000000
10091	0	0	1.000000
10098	0	0	1.000000
10099	0	0	1.000000
10101	0	0	1.000000
10107	0	0	1.000000
10109	0	0	1.000000
10111	0	0	1.000000
10121	0	0	1.000000
10126	0	0	1.000000
10129	0	0	1.000000
10131	0	0	1.000000
10136	0	0	1.000000
10139	0	0	1.000000
10141	0	0	1.000000
10146	0	0	1.000000
10149	0	0	1.000000
10151	0	0	1.000000
10156	0	0	1.000000
10159	0	0	1.000000
10161	0	0	1.000000
10168	0	0	1.000000
10169	0	0	1.000000
10171	0	0	1.000000
10176	0	0	1.000000
10179	0	0	1.000000
10181	0	0	1.000000
10186	0	0	1.000000
10189	0	0	1.000000
10191	0	0	1.000000
10196	0	0	1.000000
10199	0	0	1.000000
10201	0	0	1.000000
10209	0	0	1.000000
10211	0	0	1.000000
10216	0	0	1.000000
10219	0	0	1.000000
10221	0	0	1.000000
10226	0	0	1.000000
10229	0	0	1.000000
10231	0	0	1.000000
10236	0	0	1.000000
10239	0	0	1.000000
1	0	0	1.000000
6	0	0	1.000000
9	0	0	1.000000
11	0	0	1.000000
16	0	0	1.000000
19	0	0	1.000000
21	0	0	1.000000
26	0	0	1.000000
29	0	0	1.000000
31	0	0	1.000000
36	0	0	1.000000
39	0	0	1.000000
41	0	0	1.000000
49	0	0	1.000000
51	0	0	1.000000
52	0	0	1.000000
56	0	0	1.000000
61	0	0	1.000000
62	0	0	1.000000
66	0	0	1.000000
71	0	0	1.000000
72	0	0	1.000000
76	0	0	1.000000
81	0	0	1.000000
82	0	0	1.000000
86	0	0	1.000000
91	0	0	1.000000
92	0	0	1.000000
97	0	0	1.000000
101	0	0	1.000000
102	0	0	1.000000
106	0	0	1.000000
111	0	0	1.000000
112	0	0	1.000000
116	0	0	1.000000
121	0	0	1.000000
122	0	0	1.000000
127	0	0	1.000000
131	0	0	1.000000
132	0	0	1.000000
140	0	0	1.000000
141	0	0	1.000000
142	0	0	1.000000
146	0	0	1.000000
151	0	0	1.000000
152	0	0	1.000000
156	0	0	1.000000
161	0	0	1.000000
162	0	0	1.000000
166	0	0	1.000000
171	0	0	1.000000
172	0	0	1.000000
176	0	0	1.000000
181	0	0	1.000000
182	0	0	1.000000
186	0	0	1.000000
191	0	0	1.000000
192	0	0	1.000000
196	0	0	1.000000
201	0	0	1.000000
202	0	0	1.000000
206	0	0	1.000000
211	0	0	1.000000
212	0	0	1.000000
216	0	0	1.000000
221	0	0	1.000000
222	0	0	1.000000
226	0	0	1.000000
231	0	0	1.000000
232	0	0	1.000000
236	0	0	1.000000
241	0	0	1.000000
242	0	0	1.000000
246	0	0	1.000000
251	0	0	1.000000
252	0	0	1.000000
256	0	0	1.000000
261	0	0	1.000000
262	0	0	1.000000
266	0	0	1.000000
271	0	0	1.000000
272	0	0	1.000000
276	0	0	1.000000
281	0	0	1.000000
282	0	0	1.000000
286	0	0	1.000000
291	0	0	1.000000
292	0	0	1.000000
296	0	0	1.000000
301	0	0	1.000000
302	0	0	1.000000
306	0	0	1.000000
311	0	0	1.000000
312	0	0	1.000000
316	0	0	1.000000
321	0	0	1.000000
322	0	0	1.000000
326	0	0	1.000000
331	0	0	1.000000
332	0	0	1.000000
336	0	0	1.000000
341	0	0	1.000000
342	0	0	1.000000
346	0	0	1.000000
351	0	0	1.000000
356	0	0	1.000000
361	0	0	1.000000
365	0	0	1.000000
366	0	0	1.000000
371	0	0	1.000000
375	0	0	1.000000
376	0	0	1.000000
381	0	0	1.000000
385	0	0	1.000000
386	0	0	1.000000
391	0	0	1.000000
395	0	0	1.000000
402	0	0	1.000000
405	0	0	1.000000
408	0	0	1.000000
411	18386	10	2.000000
416	0	0	1.000000
421	0	0	1.000000
425	0	0	1.000000
426	0	0	1.000000
431	0	0	1.000000
435	0	0	1.000000
436	0	0	1.000000
441	0	0	1.000000
445	0	0	1.000000
446	0	0	1.000000
451	0	0	1.000000
455	0	0	1.000000
456	0	0	1.000000
461	0	0	1.000000
465	0	0	1.000000
466	0	0	1.000000
471	0	0	1.000000
475	0	0	1.000000
476	0	0	1.000000
481	0	0	1.000000
485	0	0	1.000000
486	0	0	1.000000
491	0	0	1.000000
495	0	0	1.000000
496	0	0	1.000000
501	0	0	1.000000
505	0	0	1.000000
506	0	0	1.000000
511	0	0	1.000000
515	0	0	1.000000
516	0	0	1.000000
521	0	0	1.000000
525	0	0	1.000000
526	0	0	1.000000
531	0	0	1.000000
536	0	0	1.000000
541	0	0	1.000000
545	0	0	1.000000
547	0	0	1.000000
551	0	0	1.000000
556	0	0	1.000000
561	0	0	1.000000
565	0	0	1.000000
566	0	0	1.000000
571	0	0	1.000000
575	0	0	1.000000
576	0	0	1.000000
581	0	0	1.000000
585	0	0	1.000000
586	0	0	1.000000
591	0	0	1.000000
596	0	0	1.000000
601	0	0	1.000000
605	0	0	1.000000
606	0	0	1.000000
611	0	0	1.000000
615	0	0	1.000000
617	0	0	1.000000
621	0	0	1.000000
626	0	0	1.000000
631	0	0	1.000000
635	0	0	1.000000
636	0	0	1.000000
641	0	0	1.000000
645	0	0	1.000000
646	0	0	1.000000
652	0	0	1.000000
661	7576	78	2.000000
665	0	0	1.000000
666	0	0	1.000000
671	0	0	1.000000
675	0	0	1.000000
676	0	0	1.000000
681	0	0	1.000000
685	0	0	1.000000
686	0	0	1.000000
691	0	0	1.000000
695	0	0	1.000000
696	0	0	1.000000
701	0	0	1.000000
705	0	0	1.000000
706	0	0	1.000000
715	0	0	1.000000
717	0	0	1.000000
721	0	0	1.000000
728	0	0	1.000000
731	0	0	1.000000
735	0	0	1.000000
736	0	0	1.000000
741	0	0	1.000000
745	0	0	1.000000
746	0	0	1.000000
751	0	0	1.000000
755	0	0	1.000000
756	0	0	1.000000
761	0	0	1.000000
765	0	0	1.000000
766	0	0	1.000000
771	0	0	1.000000
775	0	0	1.000000
776	0	0	1.000000
781	0	0	1.000000
785	0	0	1.000000
786	0	0	1.000000
791	0	0	1.000000
795	0	0	1.000000
796	0	0	1.000000
801	0	0	1.000000
806	0	0	1.000000
807	0	0	1.000000
811	0	0	1.000000
816	0	0	1.000000
821	0	0	1.000000
825	0	0	1.000000
826	0	0	1.000000
831	0	0	1.000000
835	0	0	1.000000
836	0	0	1.000000
841	0	0	1.000000
845	0	0	1.000000
846	0	0	1.000000
854	0	0	1.000000
855	0	0	1.000000
856	0	0	1.000000
861	0	0	1.000000
865	0	0	1.000000
866	0	0	1.000000
871	0	0	1.000000
876	0	0	1.000000
879	0	0	1.000000
880	0	0	1.000000
882	0	0	1.000000
886	0	0	1.000000
895	0	0	1.000000
896	0	0	1.000000
899	0	0	1.000000
901	0	0	1.000000
906	0	0	1.000000
909	0	0	1.000000
911	0	0	1.000000
916	0	0	1.000000
919	0	0	1.000000
921	0	0	1.000000
926	0	0	1.000000
931	0	0	1.000000
936	0	0	1.000000
941	0	0	1.000000
944	0	0	1.000000
946	0	0	1.000000
951	0	0	1.000000
956	0	0	1.000000
961	0	0	1.000000
969	0	0	1.000000
971	0	0	1.000000
976	0	0	1.000000
985	0	0	1.000000
986	0	0	1.000000
991	0	0	1.000000
995	0	0	1.000000
996	0	0	1.000000
1005	0	0	1.000000
1009	0	0	1.000000
1011	0	0	1.000000
1018	0	0	1.000000
1021	0	0	1.000000
1025	0	0	1.000000
1026	0	0	1.000000
1031	0	0	1.000000
1035	0	0	1.000000
1036	0	0	1.000000
1041	0	0	1.000000
1045	0	0	1.000000
1046	0	0	1.000000
1051	0	0	1.000000
1056	0	0	1.000000
1060	0	0	1.000000
1061	0	0	1.000000
1066	0	0	1.000000
1069	0	0	1.000000
1071	0	0	1.000000
1076	0	0	1.000000
1080	0	0	1.000000
1081	0	0	1.000000
1086	0	0	1.000000
1089	0	0	1.000000
1091	0	0	1.000000
1096	0	0	1.000000
1099	0	0	1.000000
1101	0	0	1.000000
1106	634	10	2.000000
1109	0	0	1.000000
1111	0	0	1.000000
1116	0	0	1.000000
1122	0	0	1.000000
1127	0	0	1.000000
1129	0	0	1.000000
1139	0	0	1.000000
1144	0	0	1.000000
1146	0	0	1.000000
1149	0	0	1.000000
1151	0	0	1.000000
1156	0	0	1.000000
1159	0	0	1.000000
1161	0	0	1.000000
1166	0	0	1.000000
1169	0	0	1.000000
1171	0	0	1.000000
1176	0	0	1.000000
1179	0	0	1.000000
1181	0	0	1.000000
1186	0	0	1.000000
1189	0	0	1.000000
1191	0	0	1.000000
1196	0	0	1.000000
1199	0	0	1.000000
1201	0	0	1.000000
1206	0	0	1.000000
1209	0	0	1.000000
1211	0	0	1.000000
1216	0	0	1.000000
1219	0	0	1.000000
1221	0	0	1.000000
1226	0	0	1.000000
1229	0	0	1.000000
1231	0	0	1.000000
1236	0	0	1.000000
1239	0	0	1.000000
1241	0	0	1.000000
1246	0	0	1.000000
1249	0	0	1.000000
1251	0	0	1.000000
1256	0	0	1.000000
1259	0	0	1.000000
1261	0	0	1.000000
1268	0	0	1.000000
1269	0	0	1.000000
1271	0	0	1.000000
1276	0	0	1.000000
1279	0	0	1.000000
1281	0	0	1.000000
1286	0	0	1.000000
1289	0	0	1.000000
1291	0	0	1.000000
1296	0	0	1.000000
1299	0	0	1.000000
1301	0	0	1.000000
1306	0	0	1.000000
1309	0	0	1.000000
1311	0	0	1.000000
1316	0	0	1.000000
1319	0	0	1.000000
1321	0	0	1.000000
1326	0	0	1.000000
1329	0	0	1.000000
1331	0	0	1.000000
1336	0	0	1.000000
1341	0	0	1.000000
1342	0	0	1.000000
1346	0	0	1.000000
1351	0	0	1.000000
1352	0	0	1.000000
1356	0	0	1.000000
1362	0	0	1.000000
1366	0	0	1.000000
1371	0	0	1.000000
1372	0	0	1.000000
1376	0	0	1.000000
1381	0	0	1.000000
1382	0	0	1.000000
1387	0	0	1.000000
1391	0	0	1.000000
1392	0	0	1.000000
1396	0	0	1.000000
1401	0	0	1.000000
1402	0	0	1.000000
1406	0	0	1.000000
1411	0	0	1.000000
1412	0	0	1.000000
1416	0	0	1.000000
1421	0	0	1.000000
1423	0	0	1.000000
1427	0	0	1.000000
1431	0	0	1.000000
1433	0	0	1.000000
1436	0	0	1.000000
1441	0	0	1.000000
1443	0	0	1.000000
1446	0	0	1.000000
1451	0	0	1.000000
1453	0	0	1.000000
1456	0	0	1.000000
1461	0	0	1.000000
1463	0	0	1.000000
1466	0	0	1.000000
1471	0	0	1.000000
1473	0	0	1.000000
1476	0	0	1.000000
1481	0	0	1.000000
1483	0	0	1.000000
1486	0	0	1.000000
1491	0	0	1.000000
1493	0	0	1.000000
1496	0	0	1.000000
1501	0	0	1.000000
1503	0	0	1.000000
1506	0	0	1.000000
1511	0	0	1.000000
1513	0	0	1.000000
1516	0	0	1.000000
1521	0	0	1.000000
1523	0	0	1.000000
1526	0	0	1.000000
1531	0	0	1.000000
1533	0	0	1.000000
1536	0	0	1.000000
1541	0	0	1.000000
1543	0	0	1.000000
1548	0	0	1.000000
1551	0	0	1.000000
1553	0	0	1.000000
1560	0	0	1.000000
1561	0	0	1.000000
1563	0	0	1.000000
1566	0	0	1.000000
1571	0	0	1.000000
1573	0	0	1.000000
1576	0	0	1.000000
1581	0	0	1.000000
1583	0	0	1.000000
1586	0	0	1.000000
1591	0	0	1.000000
1593	0	0	1.000000
1596	0	0	1.000000
1601	0	0	1.000000
1603	0	0	1.000000
1606	0	0	1.000000
1611	0	0	1.000000
1613	0	0	1.000000
1616	0	0	1.000000
1621	0	0	1.000000
1623	0	0	1.000000
1626	0	0	1.000000
1631	0	0	1.000000
1633	0	0	1.000000
1636	0	0	1.000000
1641	0	0	1.000000
1643	0	0	1.000000
1646	0	0	1.000000
1651	0	0	1.000000
1656	0	0	1.000000
1658	0	0	1.000000
1661	0	0	1.000000
1666	0	0	1.000000
1668	0	0	1.000000
1671	0	0	1.000000
1676	0	0	1.000000
1678	0	0	1.000000
1681	0	0	1.000000
1686	0	0	1.000000
1688	0	0	1.000000
1691	0	0	1.000000
1696	0	0	1.000000
1698	0	0	1.000000
1701	0	0	1.000000
1706	0	0	1.000000
1708	0	0	1.000000
1711	0	0	1.000000
1717	0	0	1.000000
1718	0	0	1.000000
1721	0	0	1.000000
1726	0	0	1.000000
1730	0	0	1.000000
1731	0	0	1.000000
1736	15766	78	2.000000
1740	0	0	1.000000
1741	0	0	1.000000
1746	0	0	1.000000
1750	0	0	1.000000
1751	0	0	1.000000
1756	0	0	1.000000
1760	0	0	1.000000
1761	0	0	1.000000
1771	0	0	1.000000
1776	0	0	1.000000
1780	0	0	1.000000
1781	0	0	1.000000
1786	0	0	1.000000
1790	0	0	1.000000
1791	0	0	1.000000
1796	0	0	1.000000
1800	0	0	1.000000
1802	0	0	1.000000
1806	0	0	1.000000
1810	0	0	1.000000
1811	0	0	1.000000
1816	0	0	1.000000
1820	0	0	1.000000
1821	0	0	1.000000
1826	0	0	1.000000
1831	0	0	1.000000
1833	0	0	1.000000
1836	0	0	1.000000
1841	0	0	1.000000
1843	0	0	1.000000
1846	0	0	1.000000
1852	0	0	1.000000
1856	0	0	1.000000
1861	0	0	1.000000
1863	0	0	1.000000
1866	0	0	1.000000
1871	0	0	1.000000
1873	0	0	1.000000
1876	0	0	1.000000
1881	0	0	1.000000
1883	0	0	1.000000
1886	0	0	1.000000
1891	0	0	1.000000
1893	0	0	1.000000
1896	0	0	1.000000
1901	0	0	1.000000
1903	0	0	1.000000
1906	0	0	1.000000
1911	0	0	1.000000
1913	0	0	1.000000
1916	0	0	1.000000
1923	0	0	1.000000
1926	0	0	1.000000
1931	0	0	1.000000
1933	0	0	1.000000
1936	0	0	1.000000
1941	0	0	1.000000
1943	0	0	1.000000
1946	0	0	1.000000
1951	0	0	1.000000
1953	0	0	1.000000
1955	0	0	1.000000
1956	0	0	1.000000
1961	0	0	1.000000
1963	0	0	1.000000
1966	0	0	1.000000
1971	0	0	1.000000
1973	0	0	1.000000
1976	0	0	1.000000
1981	0	0	1.000000
1983	0	0	1.000000
1986	0	0	1.000000
1991	0	0	1.000000
1993	0	0	1.000000
1996	0	0	1.000000
2001	0	0	1.000000
2003	0	0	1.000000
2006	0	0	1.000000
2011	0	0	1.000000
2013	0	0	1.000000
2016	0	0	1.000000
2021	0	0	1.000000
2023	0	0	1.000000
2026	0	0	1.000000
2031	0	0	1.000000
2036	0	0	1.000000
2041	0	0	1.000000
2049	0	0	1.000000
2051	0	0	1.000000
2056	0	0	1.000000
2061	0	0	1.000000
2066	0	0	1.000000
2067	0	0	1.000000
2071	0	0	1.000000
2076	0	0	1.000000
2077	0	0	1.000000
2081	0	0	1.000000
2086	0	0	1.000000
2087	0	0	1.000000
2091	0	0	1.000000
2096	0	0	1.000000
2097	0	0	1.000000
2101	0	0	1.000000
2106	0	0	1.000000
2107	0	0	1.000000
2111	0	0	1.000000
2116	0	0	1.000000
2121	0	0	1.000000
2124	0	0	1.000000
2126	0	0	1.000000
2131	0	0	1.000000
2134	0	0	1.000000
2136	0	0	1.000000
2141	0	0	1.000000
2146	0	0	1.000000
2151	0	0	1.000000
2156	0	0	1.000000
2161	0	0	1.000000
2163	0	0	1.000000
2166	0	0	1.000000
2172	0	0	1.000000
2175	0	0	1.000000
2176	0	0	1.000000
2181	0	0	1.000000
2185	0	0	1.000000
2186	0	0	1.000000
2191	0	0	1.000000
2195	0	0	1.000000
2196	0	0	1.000000
2201	0	0	1.000000
2205	0	0	1.000000
2206	0	0	1.000000
2211	0	0	1.000000
2216	0	0	1.000000
2218	0	0	1.000000
2221	0	0	1.000000
2226	0	0	1.000000
2231	0	0	1.000000
2236	0	0	1.000000
2241	0	0	1.000000
2246	0	0	1.000000
2251	0	0	1.000000
2256	0	0	1.000000
2261	0	0	1.000000
2266	0	0	1.000000
2271	0	0	1.000000
2276	0	0	1.000000
2281	0	0	1.000000
2286	0	0	1.000000
2291	0	0	1.000000
2293	0	0	1.000000
2296	0	0	1.000000
2301	0	0	1.000000
2304	0	0	1.000000
2306	0	0	1.000000
2311	0	0	1.000000
2314	0	0	1.000000
2316	35523	78	2.000000
2321	0	0	1.000000
2324	0	0	1.000000
2326	0	0	1.000000
2331	0	0	1.000000
2334	0	0	1.000000
2336	0	0	1.000000
2341	0	0	1.000000
2344	0	0	1.000000
2346	0	0	1.000000
2351	0	0	1.000000
2354	0	0	1.000000
2356	0	0	1.000000
2361	0	0	1.000000
2364	0	0	1.000000
2366	0	0	1.000000
2371	0	0	1.000000
2374	0	0	1.000000
2376	0	0	1.000000
2381	0	0	1.000000
2384	0	0	1.000000
2386	0	0	1.000000
2391	0	0	1.000000
2396	0	0	1.000000
2403	0	0	1.000000
2408	0	0	1.000000
2409	0	0	1.000000
2411	0	0	1.000000
2416	0	0	1.000000
2419	0	0	1.000000
2421	0	0	1.000000
2426	0	0	1.000000
2429	0	0	1.000000
2431	0	0	1.000000
2436	0	0	1.000000
2439	0	0	1.000000
2441	0	0	1.000000
2446	0	0	1.000000
2451	0	0	1.000000
2454	0	0	1.000000
2456	0	0	1.000000
2461	0	0	1.000000
2466	0	0	1.000000
2471	0	0	1.000000
2475	0	0	1.000000
2476	0	0	1.000000
2481	0	0	1.000000
2484	0	0	1.000000
2486	0	0	1.000000
2491	0	0	1.000000
2494	0	0	1.000000
2496	0	0	1.000000
2501	0	0	1.000000
2505	0	0	1.000000
2507	0	0	1.000000
2511	0	0	1.000000
2514	0	0	1.000000
2516	0	0	1.000000
2521	0	0	1.000000
2524	0	0	1.000000
2526	0	0	1.000000
2531	0	0	1.000000
2534	0	0	1.000000
2536	0	0	1.000000
2541	0	0	1.000000
2546	0	0	1.000000
2549	0	0	1.000000
2551	0	0	1.000000
2556	0	0	1.000000
2559	0	0	1.000000
2561	0	0	1.000000
2567	0	0	1.000000
2569	0	0	1.000000
2571	0	0	1.000000
2576	0	0	1.000000
2580	0	0	1.000000
2581	0	0	1.000000
2586	0	0	1.000000
2590	0	0	1.000000
2591	0	0	1.000000
2596	0	0	1.000000
2600	0	0	1.000000
2601	0	0	1.000000
2606	0	0	1.000000
2611	0	0	1.000000
2614	0	0	1.000000
2616	0	0	1.000000
2622	0	0	1.000000
2624	0	0	1.000000
2626	0	0	1.000000
2631	0	0	1.000000
2634	0	0	1.000000
2636	0	0	1.000000
2641	0	0	1.000000
2644	0	0	1.000000
2646	0	0	1.000000
2651	0	0	1.000000
2654	0	0	1.000000
2656	0	0	1.000000
2661	0	0	1.000000
2664	0	0	1.000000
2666	0	0	1.000000
2671	0	0	1.000000
2674	0	0	1.000000
2676	0	0	1.000000
2682	0	0	1.000000
2684	0	0	1.000000
2686	0	0	1.000000
2691	0	0	1.000000
2695	0	0	1.000000
2696	0	0	1.000000
2701	0	0	1.000000
2704	0	0	1.000000
2706	0	0	1.000000
2713	0	0	1.000000
2715	0	0	1.000000
2717	0	0	1.000000
2721	0	0	1.000000
2726	0	0	1.000000
2727	0	0	1.000000
2731	0	0	1.000000
2736	0	0	1.000000
2737	0	0	1.000000
2741	0	0	1.000000
2746	0	0	1.000000
2747	0	0	1.000000
2751	0	0	1.000000
2756	0	0	1.000000
2757	0	0	1.000000
2763	0	0	1.000000
2766	0	0	1.000000
2767	0	0	1.000000
2771	0	0	1.000000
2776	0	0	1.000000
2777	0	0	1.000000
2781	0	0	1.000000
2786	0	0	1.000000
2788	0	0	1.000000
2791	0	0	1.000000
2796	0	0	1.000000
2798	0	0	1.000000
2801	10192	125	2.000000
2807	0	0	1.000000
2808	0	0	1.000000
2811	0	0	1.000000
2816	0	0	1.000000
2821	0	0	1.000000
2826	0	0	1.000000
2831	0	0	1.000000
2836	0	0	1.000000
2841	0	0	1.000000
2846	0	0	1.000000
2851	0	0	1.000000
2860	0	0	1.000000
2861	0	0	1.000000
2869	0	0	1.000000
2871	0	0	1.000000
2876	0	0	1.000000
2881	0	0	1.000000
2890	0	0	1.000000
2891	0	0	1.000000
2900	0	0	1.000000
2911	12093	67	2.000000
2916	0	0	1.000000
2921	0	0	1.000000
2926	0	0	1.000000
2928	0	0	1.000000
2931	0	0	1.000000
2936	0	0	1.000000
2938	0	0	1.000000
2941	0	0	1.000000
2946	0	0	1.000000
2948	0	0	1.000000
2951	0	0	1.000000
2956	0	0	1.000000
2958	0	0	1.000000
2961	0	0	1.000000
2967	0	0	1.000000
2968	0	0	1.000000
2971	0	0	1.000000
2976	0	0	1.000000
2978	0	0	1.000000
2981	0	0	1.000000
2986	0	0	1.000000
2988	0	0	1.000000
2991	0	0	1.000000
2996	0	0	1.000000
2999	0	0	1.000000
3001	0	0	1.000000
3006	0	0	1.000000
3009	0	0	1.000000
3011	0	0	1.000000
3016	0	0	1.000000
3020	0	0	1.000000
3021	0	0	1.000000
3026	0	0	1.000000
3031	30012	78	2.000000
3033	0	0	1.000000
3036	0	0	1.000000
3041	0	0	1.000000
3043	0	0	1.000000
3048	0	0	1.000000
3051	0	0	1.000000
3053	0	0	1.000000
3056	0	0	1.000000
3061	0	0	1.000000
3063	0	0	1.000000
3066	0	0	1.000000
3071	0	0	1.000000
3073	0	0	1.000000
3076	0	0	1.000000
3081	0	0	1.000000
3083	0	0	1.000000
3086	0	0	1.000000
3091	0	0	1.000000
3093	0	0	1.000000
3096	0	0	1.000000
3101	0	0	1.000000
3103	0	0	1.000000
3106	0	0	1.000000
3111	0	0	1.000000
3113	0	0	1.000000
3116	0	0	1.000000
3121	0	0	1.000000
3123	0	0	1.000000
3126	0	0	1.000000
3131	0	0	1.000000
3133	0	0	1.000000
3136	0	0	1.000000
3141	0	0	1.000000
3143	0	0	1.000000
3146	0	0	1.000000
3151	0	0	1.000000
3153	0	0	1.000000
3156	0	0	1.000000
3161	0	0	1.000000
3163	0	0	1.000000
3166	0	0	1.000000
3171	0	0	1.000000
3173	0	0	1.000000
3176	0	0	1.000000
3181	0	0	1.000000
3183	0	0	1.000000
3186	0	0	1.000000
3191	0	0	1.000000
3193	0	0	1.000000
3196	0	0	1.000000
3201	0	0	1.000000
3203	0	0	1.000000
3206	0	0	1.000000
3212	0	0	1.000000
3213	0	0	1.000000
3216	0	0	1.000000
3221	0	0	1.000000
3223	0	0	1.000000
3226	0	0	1.000000
3231	0	0	1.000000
3233	0	0	1.000000
3236	0	0	1.000000
3241	0	0	1.000000
3243	0	0	1.000000
3246	0	0	1.000000
3251	0	0	1.000000
3253	0	0	1.000000
3256	0	0	1.000000
3261	0	0	1.000000
3263	0	0	1.000000
3268	0	0	1.000000
3271	0	0	1.000000
3273	0	0	1.000000
3276	0	0	1.000000
3281	0	0	1.000000
3283	0	0	1.000000
3286	0	0	1.000000
3291	0	0	1.000000
3293	0	0	1.000000
3296	0	0	1.000000
3301	0	0	1.000000
3303	0	0	1.000000
3306	0	0	1.000000
3311	0	0	1.000000
3313	0	0	1.000000
3316	0	0	1.000000
3321	0	0	1.000000
3326	0	0	1.000000
3328	0	0	1.000000
3331	0	0	1.000000
3336	0	0	1.000000
3341	0	0	1.000000
3346	12027	78	2.000000
3351	0	0	1.000000
3361	0	0	1.000000
3366	0	0	1.000000
3371	0	0	1.000000
3376	0	0	1.000000
3381	0	0	1.000000
3386	0	0	1.000000
3391	0	0	1.000000
3396	0	0	1.000000
3401	0	0	1.000000
3406	0	0	1.000000
3411	0	0	1.000000
3416	0	0	1.000000
3421	0	0	1.000000
3426	0	0	1.000000
