4282	161	0	2.000000
4283	161	0	2.000000
4284	0	0	1.000000
4285	0	0	1.000000
4286	349	0	2.000000
4287	161	0	2.000000
4288	113	0	2.000000
4291	0	0	1.000000
4292	399	0	2.000000
4295	322	0	2.000000
4297	161	0	2.000000
4298	0	0	1.000000
4299	0	0	1.000000
4300	161	0	2.000000
4301	0	0	1.000000
4302	0	0	1.000000
4305	322	0	2.000000
4311	0	0	1.000000
4312	311	0	2.000000
4330	15	0	2.000000
4331	57	0	2.000000
4332	57	0	2.000000
4333	57	0	2.000000
4334	57	0	2.000000
4335	57	0	2.000000
4336	57	0	2.000000
4337	57	0	2.000000
4338	57	0	2.000000
4339	57	0	2.000000
4340	57	0	2.000000
4341	57	0	2.000000
4342	57	0	2.000000
4343	57	0	2.000000
4344	57	0	2.000000
4345	57	0	2.000000
4346	57	0	2.000000
4347	57	0	2.000000
4348	57	0	2.000000
4349	171	107	1.598131
4352	0	0	1.000000
4353	0	0	1.000000
4354	0	0	1.000000
4355	0	0	1.000000
4356	349	0	2.000000
4394	325	0	2.000000
4434	373	0	2.000000
4474	1692	1326	1.276018
4482	349	0	2.000000
4487	317	0	2.000000
4492	325	0	2.000000
4497	325	0	2.000000
4502	698	0	2.000000
4507	349	0	2.000000
4511	0	0	1.000000
4512	373	0	2.000000
4517	357	515	0.693204
4522	1884	1552	1.213918
4527	317	1552	0.204253
4532	285	0	2.000000
4537	325	0	2.000000
4542	317	0	2.000000
4547	373	0	2.000000
4552	2934	2490	1.178313
4557	1545	3413	0.452681
4562	405	274	1.478102
4565	0	0	1.000000
4567	349	0	2.000000
4572	674	0	2.000000
4577	325	0	2.000000
4579	0	0	1.000000
4582	349	0	2.000000
4587	642	10	64.200000
4592	325	107	3.037383
4595	0	0	1.000000
4597	349	0	2.000000
4602	698	0	2.000000
4607	325	0	2.000000
4609	0	0	1.000000
4612	325	0	2.000000
4617	325	0	2.000000
4622	349	0	2.000000
4627	325	0	2.000000
4632	317	0	2.000000
4637	722	0	2.000000
4642	405	0	2.000000
4643	0	0	1.000000
4647	405	0	2.000000
4652	285	0	2.000000
4657	349	0	2.000000
4662	325	0	2.000000
4667	325	0	2.000000
4672	778	0	2.000000
4677	357	0	2.000000
4681	0	0	1.000000
4682	325	0	2.000000
4687	349	0	2.000000
4692	317	0	2.000000
4697	373	0	2.000000
4702	650	0	2.000000
4711	0	0	1.000000
4712	325	0	2.000000
4717	349	0	2.000000
4722	349	0	2.000000
4727	349	0	2.000000
4732	325	0	2.000000
4737	405	0	2.000000
4742	373	0	2.000000
4747	349	0	2.000000
4752	349	0	2.000000
4757	349	0	2.000000
4762	373	0	2.000000
4767	349	0	2.000000
4772	325	0	2.000000
4777	722	0	2.000000
4783	0	0	1.000000
4787	349	0	2.000000
4792	373	0	2.000000
4797	349	0	2.000000
4802	349	0	2.000000
4807	349	0	2.000000
4812	317	0	2.000000
4817	317	0	2.000000
4822	826	515	1.603883
4827	349	234	1.491453
4830	0	0	1.000000
4832	349	0	2.000000
4837	317	0	2.000000
4842	373	0	2.000000
4847	357	0	2.000000
4852	317	0	2.000000
4857	325	0	2.000000
4862	698	0	2.000000
4867	349	0	2.000000
4871	0	0	1.000000
4872	373	0	2.000000
4877	317	0	2.000000
4882	317	0	2.000000
4887	325	0	2.000000
4892	349	0	2.000000
4897	1292	967	1.336091
4902	325	706	0.460340
4905	0	0	1.000000
4907	325	0	2.000000
4912	325	0	2.000000
4917	349	0	2.000000
4922	373	0	2.000000
4927	349	0	2.000000
4932	349	0	2.000000
4937	325	0	2.000000
4942	349	0	2.000000
4947	325	0	2.000000
4952	349	0	2.000000
4957	317	0	2.000000
4962	706	0	2.000000
4967	325	0	2.000000
4968	0	0	1.000000
4972	325	0	2.000000
4977	349	0	2.000000
4982	437	0	2.000000
4987	285	0	2.000000
4992	285	0	2.000000
4997	610	0	2.000000
5002	325	0	2.000000
5004	0	0	1.000000
5007	754	0	2.000000
5012	405	0	2.000000
5016	0	0	1.000000
5017	357	0	2.000000
5022	373	0	2.000000
5027	373	0	2.000000
5032	722	0	2.000000
5037	405	0	2.000000
5038	0	0	1.000000
5042	1103	0	2.000000
5050	0	0	1.000000
5052	373	0	2.000000
5054	0	0	1.000000
5057	325	0	2.000000
5062	325	0	2.000000
5067	349	0	2.000000
5072	722	0	2.000000
5077	325	0	2.000000
5078	0	0	1.000000
5082	674	0	2.000000
5087	349	0	2.000000
5090	0	0	1.000000
5092	373	0	2.000000
5097	349	0	2.000000
5102	682	0	2.000000
5107	325	0	2.000000
5108	0	0	1.000000
5112	690	0	2.000000
5117	373	0	2.000000
5118	0	0	1.000000
5122	762	0	2.000000
5127	349	0	2.000000
5131	0	0	1.000000
5132	642	0	2.000000
5137	405	0	2.000000
5140	0	0	1.000000
5142	722	0	2.000000
5147	373	0	2.000000
5152	746	0	2.000000
5157	405	0	2.000000
5160	0	0	1.000000
5162	1023	0	2.000000
5169	0	57	0.000000
5170	0	0	1.000000
5172	690	0	2.000000
5177	373	0	2.000000
5182	325	0	2.000000
5187	690	91	7.582418
5192	373	0	2.000000
5193	0	0	1.000000
5197	754	0	2.000000
5202	373	200	1.865000
5203	0	0	1.000000
5207	666	57	11.684211
5212	518	440	1.177273
5217	373	78	4.782051
5222	999	376	2.656915
5227	373	440	0.847727
5232	943	321	2.937695
5237	325	78	4.166667
5240	0	0	1.000000
5241	0	0	1.000000
5242	991	0	2.000000
5251	0	171	0.000000
5252	690	0	2.000000
5257	349	0	2.000000
5261	0	0	1.000000
5262	991	0	2.000000
5268	0	0	1.000000
5271	690	321	2.149533
5277	349	0	2.000000
5281	0	0	1.000000
5282	810	0	2.000000
5287	437	0	2.000000
5291	0	0	1.000000
5292	682	0	2.000000
5297	325	0	2.000000
5301	0	0	1.000000
5302	682	0	2.000000
5307	325	0	2.000000
5311	0	0	1.000000
5312	610	0	2.000000
5317	349	0	2.000000
5321	0	0	1.000000
5322	570	0	2.000000
5327	349	171	2.040936
5332	674	91	7.406593
5337	349	376	0.928191
5342	674	125	5.392000
5347	325	321	1.012461
5352	722	0	2.000000
5357	349	0	2.000000
5361	0	0	1.000000
5362	682	0	2.000000
5367	325	0	2.000000
5371	0	0	1.000000
5372	730	0	2.000000
5377	325	0	2.000000
5381	0	0	1.000000
5382	682	0	2.000000
5387	325	0	2.000000
5391	0	0	1.000000
5392	706	0	2.000000
5397	325	0	2.000000
5401	0	0	1.000000
5402	642	0	2.000000
5407	317	0	2.000000
5411	0	0	1.000000
5412	1047	0	2.000000
5420	0	0	1.000000
5421	0	0	1.000000
5422	706	0	2.000000
5427	325	0	2.000000
5431	0	0	1.000000
5432	951	0	2.000000
5440	0	0	1.000000
5441	0	0	1.000000
5442	658	0	2.000000
5447	357	0	2.000000
5451	0	0	1.000000
5452	642	0	2.000000
5457	373	0	2.000000
5461	0	0	1.000000
5462	762	0	2.000000
5467	437	0	2.000000
5471	0	0	1.000000
5472	642	0	2.000000
5477	373	0	2.000000
5481	0	0	1.000000
5482	714	0	2.000000
5487	325	0	2.000000
5491	0	0	1.000000
5492	879	0	2.000000
5498	0	0	1.000000
5501	0	0	1.000000
5502	602	0	2.000000
5511	437	0	2.000000
5514	842	0	2.000000
5518	0	0	1.000000
5521	0	0	1.000000
5522	975	0	2.000000
5529	0	0	1.000000
5531	0	0	1.000000
5532	666	0	2.000000
5537	373	0	2.000000
5541	0	0	1.000000
5542	546	0	2.000000
5547	325	0	2.000000
5551	277	0	2.000000
5554	317	0	2.000000
5557	325	0	2.000000
5561	0	0	1.000000
5562	666	0	2.000000
5567	373	0	2.000000
5571	0	0	1.000000
5572	714	0	2.000000
5581	0	0	1.000000
5582	602	0	2.000000
5587	317	0	2.000000
5591	0	0	1.000000
5592	570	0	2.000000
5601	0	0	1.000000
5602	642	0	2.000000
5607	325	0	2.000000
5611	0	0	1.000000
5612	730	0	2.000000
5617	389	0	2.000000
5621	0	0	1.000000
5622	778	0	2.000000
5627	405	0	2.000000
5631	0	0	1.000000
5632	642	0	2.000000
5637	325	0	2.000000
5641	0	0	1.000000
5642	610	0	2.000000
5647	349	0	2.000000
5651	0	0	1.000000
5652	1039	0	2.000000
5660	0	0	1.000000
5661	0	0	1.000000
5662	895	0	2.000000
5668	0	0	1.000000
5671	0	0	1.000000
5672	967	0	2.000000
5680	0	0	1.000000
5681	0	0	1.000000
5682	642	0	2.000000
5687	325	0	2.000000
5691	0	0	1.000000
5692	594	0	2.000000
5697	317	0	2.000000
5701	0	0	1.000000
5702	658	0	2.000000
5707	317	0	2.000000
5711	0	0	1.000000
5712	304	0	2.000000
5722	562	10	56.200000
5727	357	0	2.000000
5731	0	0	1.000000
5732	602	0	2.000000
5737	285	0	2.000000
5741	0	0	1.000000
5742	578	0	2.000000
5747	0	0	1.000000
5751	376	0	2.000000
5764	325	0	2.000000
5771	642	0	2.000000
5777	317	0	2.000000
5781	0	0	1.000000
5782	1023	0	2.000000
5790	0	0	1.000000
5791	0	0	1.000000
5792	626	0	2.000000
5797	317	0	2.000000
5801	0	0	1.000000
5802	642	0	2.000000
5807	349	0	2.000000
5811	0	0	1.000000
5812	602	0	2.000000
5817	317	0	2.000000
5821	0	0	1.000000
5822	1031	0	2.000000
5830	0	0	1.000000
5831	0	0	1.000000
5832	682	0	2.000000
5837	325	0	2.000000
5841	0	0	1.000000
5842	887	0	2.000000
5850	0	0	1.000000
5851	0	0	1.000000
5852	642	0	2.000000
5857	317	0	2.000000
5861	0	0	1.000000
5862	546	0	2.000000
5867	0	0	1.000000
5871	650	0	2.000000
5876	389	0	2.000000
5877	349	0	2.000000
5881	0	0	1.000000
5882	730	0	2.000000
5887	325	0	2.000000
5891	0	0	1.000000
5892	959	0	2.000000
5898	0	0	1.000000
5901	0	0	1.000000
5902	328	0	2.000000
5907	285	0	2.000000
5912	682	0	2.000000
5917	317	0	2.000000
5921	0	0	1.000000
5922	602	0	2.000000
5927	317	0	2.000000
5931	0	0	1.000000
5932	991	0	2.000000
5938	0	0	1.000000
5941	0	0	1.000000
5942	634	0	2.000000
5947	325	0	2.000000
5951	0	0	1.000000
5952	674	0	2.000000
5957	325	78	4.166667
5961	0	0	1.000000
5962	610	0	2.000000
5967	349	0	2.000000
5971	0	0	1.000000
5972	706	0	2.000000
5977	325	0	2.000000
5981	317	0	2.000000
5983	277	0	2.000000
5987	325	0	2.000000
5991	0	0	1.000000
5992	666	0	2.000000
5997	285	0	2.000000
6001	0	0	1.000000
6002	879	0	2.000000
6010	0	0	1.000000
6011	0	0	1.000000
6012	602	0	2.000000
6017	285	0	2.000000
6021	0	0	1.000000
6022	682	0	2.000000
6027	317	0	2.000000
6031	0	0	1.000000
6032	642	0	2.000000
6037	349	0	2.000000
6041	0	0	1.000000
6042	682	0	2.000000
6047	357	0	2.000000
6051	0	0	1.000000
6052	610	0	2.000000
6057	349	0	2.000000
6061	0	0	1.000000
6062	650	0	2.000000
6067	349	0	2.000000
6071	0	0	1.000000
6072	674	0	2.000000
6077	349	0	2.000000
6081	0	0	1.000000
6082	674	0	2.000000
6088	105	0	2.000000
6091	349	0	2.000000
6093	19	0	2.000000
6097	570	0	2.000000
6106	285	0	2.000000
6107	317	0	2.000000
6111	0	0	1.000000
6112	642	0	2.000000
6117	285	0	2.000000
6121	0	0	1.000000
6122	610	0	2.000000
6127	285	0	2.000000
6131	0	0	1.000000
6132	634	0	2.000000
6137	285	0	2.000000
6141	0	0	1.000000
6142	634	0	2.000000
6147	325	0	2.000000
6151	0	0	1.000000
6152	1007	0	2.000000
6160	0	0	1.000000
6161	0	0	1.000000
6162	706	0	2.000000
6167	349	0	2.000000
6171	0	0	1.000000
6172	722	0	2.000000
6177	373	0	2.000000
6181	0	0	1.000000
6182	626	0	2.000000
6187	357	0	2.000000
6191	0	0	1.000000
6192	642	0	2.000000
6197	317	0	2.000000
6201	0	0	1.000000
6202	602	0	2.000000
6207	285	0	2.000000
6211	0	0	1.000000
6212	594	0	2.000000
6217	277	0	2.000000
6221	0	0	1.000000
6222	698	0	2.000000
6227	0	0	1.000000
6231	446	0	2.000000
6241	285	19	15.000000
6244	309	0	2.000000
6247	357	0	2.000000
6251	0	0	1.000000
6252	602	0	2.000000
6257	373	0	2.000000
6261	0	0	1.000000
6262	1047	0	2.000000
6270	0	0	1.000000
6271	0	0	1.000000
6272	951	0	2.000000
6278	0	0	1.000000
6281	0	0	1.000000
6282	573	0	2.000000
6290	0	0	1.000000
6292	554	0	2.000000
6297	317	0	2.000000
6301	0	0	1.000000
6302	554	0	2.000000
6311	0	0	1.000000
6312	634	0	2.000000
6317	325	0	2.000000
6321	0	0	1.000000
6322	602	0	2.000000
6327	317	0	2.000000
6331	0	0	1.000000
6332	690	0	2.000000
6337	373	0	2.000000
6341	0	0	1.000000
6342	634	0	2.000000
6347	325	0	2.000000
6351	0	0	1.000000
6352	642	0	2.000000
6357	357	0	2.000000
6361	0	0	1.000000
6362	602	0	2.000000
6367	317	0	2.000000
6371	0	0	1.000000
6372	602	0	2.000000
6377	285	0	2.000000
6381	0	0	1.000000
6382	634	0	2.000000
6387	325	0	2.000000
6391	0	78	0.000000
6392	674	0	2.000000
6397	349	0	2.000000
6401	0	0	1.000000
6402	642	0	2.000000
6407	317	0	2.000000
6411	0	0	1.000000
6414	578	0	2.000000
6421	317	0	2.000000
6425	285	0	2.000000
6427	285	0	2.000000
6431	0	0	1.000000
6432	682	0	2.000000
6438	349	0	2.000000
6441	0	0	1.000000
6443	344	0	2.000000
6448	847	0	2.000000
6458	0	0	1.000000
6461	0	0	1.000000
6462	943	0	2.000000
6468	0	0	1.000000
6471	0	0	1.000000
6472	847	0	2.000000
6480	0	10	0.000000
6482	325	0	2.000000
6484	325	0	2.000000
6488	325	0	2.000000
6492	349	0	2.000000
6494	325	0	2.000000
6498	357	0	2.000000
6502	317	0	2.000000
6504	0	0	1.000000
6507	650	0	2.000000
6512	317	0	2.000000
6514	0	0	1.000000
6517	562	0	2.000000
6524	0	0	1.000000
6628	714	0	2.000000
6633	285	0	2.000000
6634	0	0	1.000000
6638	586	0	2.000000
6643	317	0	2.000000
6644	0	0	1.000000
6648	642	0	2.000000
6653	0	0	1.000000
6654	562	0	2.000000
6662	277	0	2.000000
6664	0	0	1.000000
6668	304	0	2.000000
6673	349	0	2.000000
6678	602	0	2.000000
6683	0	0	1.000000
6684	855	0	2.000000
6692	0	0	1.000000
6693	317	0	2.000000
6694	0	0	1.000000
6698	682	0	2.000000
6703	317	0	2.000000
6704	0	0	1.000000
6708	510	0	2.000000
6713	285	0	2.000000
6714	0	0	1.000000
6718	698	0	2.000000
6723	349	0	2.000000
6724	0	0	1.000000
6728	682	0	2.000000
6733	325	0	2.000000
6734	0	0	1.000000
6738	714	0	2.000000
6743	285	0	2.000000
6744	0	0	1.000000
6748	682	0	2.000000
6753	373	0	2.000000
6754	0	0	1.000000
6758	626	0	2.000000
6763	349	0	2.000000
6764	0	0	1.000000
6768	674	0	2.000000
6773	0	0	1.000000
6774	277	0	2.000000
6784	999	0	2.000000
6791	0	0	1.000000
6793	325	0	2.000000
6794	0	0	1.000000
6798	602	0	2.000000
6803	325	0	2.000000
6804	0	0	1.000000
6808	594	0	2.000000
6813	325	0	2.000000
6814	0	0	1.000000
6818	666	0	2.000000
6823	373	0	2.000000
6824	0	0	1.000000
6828	682	0	2.000000
6833	349	0	2.000000
6834	0	0	1.000000
6838	325	0	2.000000
6843	325	0	2.000000
6848	309	0	2.000000
6853	349	0	2.000000
6858	674	0	2.000000
6863	0	0	1.000000
6864	285	0	2.000000
6873	285	0	2.000000
6878	325	0	2.000000
6883	325	0	2.000000
6888	634	0	2.000000
6894	0	0	1.000000
6898	674	0	2.000000
6904	0	0	1.000000
6908	356	0	2.000000
6919	285	0	2.000000
6923	0	0	1.000000
6924	586	0	2.000000
6929	0	0	1.000000
6933	296	0	2.000000
6942	317	10	31.700000
6948	357	0	2.000000
6953	285	0	2.000000
6958	666	0	2.000000
6963	349	0	2.000000
6964	0	0	1.000000
6968	634	0	2.000000
6974	0	0	1.000000
6978	546	0	2.000000
6984	0	0	1.000000
6988	217	0	2.000000
6995	911	0	2.000000
7002	0	0	1.000000
7003	325	0	2.000000
7004	0	0	1.000000
7008	610	0	2.000000
7014	0	0	1.000000
7018	357	0	2.000000
7024	252	0	2.000000
7035	714	0	2.000000
7044	0	0	1.000000
7045	642	0	2.000000
7050	285	0	2.000000
7054	0	0	1.000000
7055	602	0	2.000000
7060	317	0	2.000000
7064	0	0	1.000000
7065	518	0	2.000000
7070	0	0	1.000000
7074	610	0	2.000000
7079	317	0	2.000000
7080	285	0	2.000000
7084	0	0	1.000000
7085	626	0	2.000000
7090	317	0	2.000000
7094	0	0	1.000000
7095	241	0	2.000000
7104	871	0	2.000000
7112	0	78	0.000000
7114	0	0	1.000000
7116	634	0	2.000000
7121	349	0	2.000000
7125	0	0	1.000000
7126	368	0	2.000000
7131	927	0	2.000000
7140	0	0	1.000000
7141	285	0	2.000000
7144	0	0	1.000000
7146	526	0	2.000000
7154	0	31	0.000000
7156	578	0	2.000000
7161	317	0	2.000000
7164	0	0	1.000000
7166	879	0	2.000000
7173	0	0	1.000000
7174	0	0	1.000000
7176	602	0	2.000000
7181	285	0	2.000000
7185	0	0	1.000000
7186	285	0	2.000000
7191	0	0	1.000000
7194	0	0	1.000000
7196	0	0	1.000000
7201	0	0	1.000000
7204	0	0	1.000000
7206	357	0	2.000000
7211	325	0	2.000000
7214	0	0	1.000000
7216	336	0	2.000000
7221	325	0	2.000000
7226	690	0	2.000000
7231	285	0	2.000000
7234	0	0	1.000000
7236	959	0	2.000000
7243	0	0	1.000000
7244	0	0	1.000000
7246	261	0	2.000000
7254	317	0	2.000000
7261	285	0	2.000000
7266	349	0	2.000000
7271	578	0	2.000000
7276	277	0	2.000000
7280	0	0	1.000000
7281	344	0	2.000000
7286	634	0	2.000000
7294	261	0	2.000000
7296	309	0	2.000000
7300	325	0	2.000000
7304	261	0	2.000000
7306	317	0	2.000000
7310	277	0	2.000000
7313	285	0	2.000000
7316	317	0	2.000000
7320	0	0	1.000000
7321	634	0	2.000000
7326	285	0	2.000000
7330	0	0	1.000000
7331	959	0	2.000000
7337	0	0	1.000000
7340	0	0	1.000000
7341	336	0	2.000000
7346	285	0	2.000000
7351	602	0	2.000000
7356	325	0	2.000000
7360	0	0	1.000000
7361	666	0	2.000000
7366	317	0	2.000000
7370	0	0	1.000000
7371	674	0	2.000000
7376	325	0	2.000000
7380	0	0	1.000000
7381	682	0	2.000000
7386	317	0	2.000000
7390	0	0	1.000000
7391	634	0	2.000000
7396	0	0	1.000000
7400	578	0	2.000000
7406	277	0	2.000000
7410	0	0	1.000000
7411	951	0	2.000000
7419	0	0	1.000000
7420	0	0	1.000000
7421	349	0	2.000000
7426	642	0	2.000000
7431	325	0	2.000000
7435	0	0	1.000000
7436	674	0	2.000000
7441	325	0	2.000000
7445	0	0	1.000000
7446	336	0	2.000000
7451	538	0	2.000000
7461	0	0	1.000000
7465	0	0	1.000000
7470	0	0	1.000000
7471	0	0	1.000000
7476	0	0	1.000000
7481	0	0	1.000000
7482	0	0	1.000000
7486	349	0	2.000000
7492	0	0	1.000000
7496	674	0	2.000000
7501	285	0	2.000000
7502	0	0	1.000000
7506	570	0	2.000000
7511	285	0	2.000000
7512	0	0	1.000000
7516	578	0	2.000000
7522	0	0	1.000000
7526	682	0	2.000000
7531	357	0	2.000000
7532	0	0	1.000000
7536	304	0	2.000000
7546	682	0	2.000000
7551	325	0	2.000000
7552	0	0	1.000000
7556	674	0	2.000000
7561	0	0	1.000000
7562	554	0	2.000000
7571	309	10	30.900000
7572	0	0	1.000000
7576	674	0	2.000000
7581	0	0	1.000000
7582	602	0	2.000000
7590	0	0	1.000000
7591	594	0	2.000000
7596	325	0	2.000000
7598	0	0	1.000000
7602	526	0	2.000000
7608	0	0	1.000000
7611	336	0	2.000000
7616	349	0	2.000000
7621	602	0	2.000000
7628	317	0	2.000000
7632	317	0	2.000000
7636	325	0	2.000000
7638	0	0	1.000000
7641	650	0	2.000000
7646	325	0	2.000000
7649	0	0	1.000000
7651	706	0	2.000000
7656	357	0	2.000000
7658	285	0	2.000000
7662	357	0	2.000000
7666	325	0	2.000000
7668	0	0	1.000000
7671	730	0	2.000000
7676	325	0	2.000000
7678	0	0	1.000000
7681	682	0	2.000000
7686	325	0	2.000000
7688	0	0	1.000000
7691	610	0	2.000000
7696	317	0	2.000000
7698	0	0	1.000000
7701	634	0	2.000000
7706	317	0	2.000000
7708	0	0	1.000000
7711	674	0	2.000000
7716	325	0	2.000000
7718	317	0	2.000000
7722	317	0	2.000000
7726	277	0	2.000000
7728	0	0	1.000000
7731	642	0	2.000000
7736	349	0	2.000000
7738	0	0	1.000000
7741	959	0	2.000000
7747	0	0	1.000000
7748	0	0	1.000000
7751	634	0	2.000000
7756	357	0	2.000000
7758	0	0	1.000000
7761	594	0	2.000000
7766	285	0	2.000000
7768	0	0	1.000000
7771	602	0	2.000000
7776	325	0	2.000000
7778	0	0	1.000000
7781	682	0	2.000000
7786	325	0	2.000000
7789	0	0	1.000000
7791	730	0	2.000000
7796	325	0	2.000000
7798	0	0	1.000000
7801	674	0	2.000000
7806	357	0	2.000000
7808	0	0	1.000000
7811	682	0	2.000000
7816	325	0	2.000000
7818	0	0	1.000000
7821	538	0	2.000000
7828	0	78	0.000000
7829	0	0	1.000000
7831	666	0	2.000000
7836	325	0	2.000000
7838	0	0	1.000000
7841	674	0	2.000000
7846	325	0	2.000000
7848	0	0	1.000000
7851	642	0	2.000000
7856	325	0	2.000000
7858	0	0	1.000000
7861	642	0	2.000000
7866	0	0	1.000000
7868	0	0	1.000000
7871	0	0	1.000000
7876	0	0	1.000000
7878	0	0	1.000000
7881	0	0	1.000000
7886	285	0	2.000000
7888	0	0	1.000000
7891	634	0	2.000000
7896	317	0	2.000000
7898	0	0	1.000000
7901	550	0	2.000000
7907	0	0	1.000000
7908	650	0	2.000000
7916	349	0	2.000000
7918	0	0	1.000000
7921	634	0	2.000000
7926	357	0	2.000000
7928	0	0	1.000000
7931	714	0	2.000000
7936	317	0	2.000000
7938	0	0	1.000000
7941	698	0	2.000000
7946	325	0	2.000000
7948	0	0	1.000000
7951	674	0	2.000000
7956	325	0	2.000000
7958	0	0	1.000000
7961	698	0	2.000000
7966	317	0	2.000000
7968	0	0	1.000000
7971	634	0	2.000000
7976	285	0	2.000000
7978	0	0	1.000000
7981	674	0	2.000000
7986	325	0	2.000000
7988	0	0	1.000000
7991	706	0	2.000000
7996	349	0	2.000000
7998	0	0	1.000000
8001	674	0	2.000000
8006	325	0	2.000000
8008	0	0	1.000000
8011	642	0	2.000000
8016	285	0	2.000000
8018	0	0	1.000000
8021	1031	0	2.000000
8027	0	0	1.000000
8028	0	0	1.000000
8031	336	0	2.000000
8041	674	0	2.000000
8046	349	0	2.000000
8048	0	0	1.000000
8051	674	0	2.000000
8056	317	0	2.000000
8058	0	0	1.000000
8061	682	0	2.000000
8066	349	0	2.000000
8068	0	0	1.000000
8071	674	0	2.000000
8076	317	0	2.000000
8078	0	0	1.000000
8081	682	0	2.000000
8086	317	0	2.000000
8088	0	0	1.000000
8091	650	0	2.000000
8096	373	0	2.000000
8098	0	0	1.000000
8101	682	0	2.000000
8106	405	0	2.000000
8108	0	0	1.000000
8111	690	0	2.000000
8116	325	0	2.000000
8118	0	0	1.000000
8121	738	0	2.000000
8129	0	0	1.000000
8131	634	0	2.000000
8136	373	0	2.000000
8138	0	0	1.000000
8141	730	0	2.000000
8146	325	0	2.000000
8148	0	0	1.000000
8151	674	0	2.000000
8156	325	0	2.000000
8158	0	0	1.000000
8161	602	0	2.000000
8166	317	0	2.000000
8168	0	0	1.000000
8171	602	0	2.000000
8176	349	0	2.000000
8178	0	0	1.000000
8181	622	0	2.000000
8186	325	0	2.000000
8188	0	0	1.000000
8191	674	0	2.000000
8196	349	0	2.000000
8198	0	0	1.000000
8201	602	0	2.000000
8206	349	0	2.000000
8208	0	0	1.000000
8211	562	0	2.000000
8216	325	0	2.000000
8218	0	0	1.000000
8221	674	0	2.000000
8226	349	0	2.000000
8228	0	0	1.000000
8231	714	0	2.000000
8236	317	0	2.000000
8238	0	0	1.000000
8241	502	0	2.000000
8246	349	0	2.000000
8248	0	0	1.000000
8251	706	0	2.000000
8256	325	0	2.000000
8258	0	0	1.000000
8261	602	0	2.000000
8266	349	0	2.000000
8268	0	0	1.000000
8271	674	0	2.000000
8276	325	0	2.000000
8278	317	0	2.000000
8282	285	0	2.000000
8286	437	0	2.000000
8288	0	0	1.000000
8291	674	0	2.000000
8296	405	0	2.000000
8298	0	0	1.000000
8301	826	0	2.000000
8306	373	0	2.000000
8308	0	0	1.000000
8311	682	0	2.000000
8317	0	0	1.000000
8318	650	0	2.000000
8323	357	0	2.000000
8326	317	0	2.000000
8330	0	0	1.000000
8331	666	0	2.000000
8336	325	0	2.000000
8338	0	0	1.000000
8341	1135	0	2.000000
8347	0	0	1.000000
8348	0	0	1.000000
8351	690	0	2.000000
8356	317	0	2.000000
8358	0	0	1.000000
8361	762	0	2.000000
8366	317	0	2.000000
8368	0	0	1.000000
8371	682	0	2.000000
8376	325	0	2.000000
8378	0	0	1.000000
8381	610	0	2.000000
8386	349	0	2.000000
8388	0	0	1.000000
8391	666	0	2.000000
8396	373	0	2.000000
8400	0	0	1.000000
8401	658	0	2.000000
8406	285	0	2.000000
8410	0	0	1.000000
8411	478	0	2.000000
8420	0	10	0.000000
8421	344	0	2.000000
8426	810	0	2.000000
8435	405	0	2.000000
8436	437	0	2.000000
8440	0	0	1.000000
8441	706	0	2.000000
8446	317	0	2.000000
8450	0	0	1.000000
8451	634	0	2.000000
8456	349	0	2.000000
8460	0	0	1.000000
8461	690	0	2.000000
8466	317	0	2.000000
8470	0	0	1.000000
8471	626	0	2.000000
8476	277	0	2.000000
8480	0	0	1.000000
8481	855	0	2.000000
8489	0	0	1.000000
8490	0	0	1.000000
8491	690	0	2.000000
8496	373	0	2.000000
8500	0	0	1.000000
8501	626	0	2.000000
8506	317	0	2.000000
8510	0	0	1.000000
8511	762	0	2.000000
8516	317	0	2.000000
8520	0	0	1.000000
8521	602	0	2.000000
8526	325	0	2.000000
8530	0	0	1.000000
8531	674	0	2.000000
8536	325	0	2.000000
8540	0	0	1.000000
8541	999	0	2.000000
8549	0	0	1.000000
8550	0	0	1.000000
8551	658	0	2.000000
8556	317	0	2.000000
8560	0	0	1.000000
8561	674	0	2.000000
8566	317	0	2.000000
8570	0	0	1.000000
8571	642	0	2.000000
8576	285	0	2.000000
8580	0	0	1.000000
8581	1031	0	2.000000
8588	0	0	1.000000
8590	0	0	1.000000
8591	887	0	2.000000
8597	0	0	1.000000
8600	0	0	1.000000
8601	570	0	2.000000
8606	317	0	2.000000
8610	0	0	1.000000
8611	602	0	2.000000
8616	317	0	2.000000
8620	0	0	1.000000
8621	730	0	2.000000
8626	405	0	2.000000
8630	0	0	1.000000
8631	642	0	2.000000
8636	349	0	2.000000
8640	0	0	1.000000
8641	368	0	2.000000
8646	277	0	2.000000
8651	562	0	2.000000
8656	285	0	2.000000
8660	0	0	1.000000
8661	594	0	2.000000
8666	317	0	2.000000
8670	0	0	1.000000
8671	666	0	2.000000
8676	349	0	2.000000
8680	0	0	1.000000
8681	682	0	2.000000
8686	349	0	2.000000
8690	0	0	1.000000
8691	674	0	2.000000
8696	325	0	2.000000
8700	0	0	1.000000
8701	285	0	2.000000
8706	602	0	2.000000
8711	317	0	2.000000
8712	0	0	1.000000
8716	666	0	2.000000
8721	325	0	2.000000
8722	0	0	1.000000
8726	594	0	2.000000
8731	285	0	2.000000
8732	0	0	1.000000
8736	570	0	2.000000
8741	0	0	1.000000
8742	879	0	2.000000
8749	0	0	1.000000
8751	317	0	2.000000
8753	0	0	1.000000
8756	674	0	2.000000
8761	325	0	2.000000
8762	0	0	1.000000
8766	690	0	2.000000
8771	325	0	2.000000
8772	0	0	1.000000
8776	682	0	2.000000
8781	325	0	2.000000
8782	0	0	1.000000
8786	570	0	2.000000
8791	0	0	1.000000
8792	1023	0	2.000000
8800	0	0	1.000000
8801	285	0	2.000000
8802	0	0	1.000000
8806	602	0	2.000000
8811	349	0	2.000000
8812	0	0	1.000000
8816	666	0	2.000000
8821	349	0	2.000000
8822	0	0	1.000000
8826	690	0	2.000000
8831	373	0	2.000000
8832	0	0	1.000000
8836	666	0	2.000000
8841	357	0	2.000000
8842	0	0	1.000000
8846	682	0	2.000000
8851	317	0	2.000000
8852	0	0	1.000000
8856	261	0	2.000000
8862	581	0	2.000000
8870	0	0	1.000000
8871	285	0	2.000000
8876	634	0	2.000000
8881	349	0	2.000000
8885	0	0	1.000000
8886	690	0	2.000000
8891	373	0	2.000000
8895	0	0	1.000000
8896	642	0	2.000000
8901	373	0	2.000000
8905	0	0	1.000000
8906	642	0	2.000000
8911	325	0	2.000000
8915	0	0	1.000000
8916	666	0	2.000000
8921	325	0	2.000000
8925	0	0	1.000000
8926	634	0	2.000000
8931	285	0	2.000000
8935	0	0	1.000000
8936	626	0	2.000000
8941	317	0	2.000000
8945	0	0	1.000000
8946	634	0	2.000000
8951	277	0	2.000000
8955	0	0	1.000000
8956	642	0	2.000000
8961	285	0	2.000000
8965	0	0	1.000000
8966	682	0	2.000000
8971	325	0	2.000000
8975	0	0	1.000000
8976	570	0	2.000000
8981	566	0	2.000000
8985	0	0	1.000000
8986	349	0	2.000000
8989	325	0	2.000000
8991	349	0	2.000000
8995	0	0	1.000000
8996	730	0	2.000000
9001	325	0	2.000000
9006	967	0	2.000000
9011	325	0	2.000000
9015	0	0	1.000000
9016	1071	0	2.000000
9022	0	0	1.000000
9025	0	0	1.000000
9026	642	0	2.000000
9031	373	0	2.000000
9035	0	0	1.000000
9036	674	0	2.000000
9041	349	0	2.000000
9045	0	0	1.000000
9046	373	0	2.000000
9051	349	0	2.000000
9056	349	0	2.000000
9061	325	0	2.000000
9066	405	0	2.000000
9071	405	0	2.000000
9076	233	0	2.000000
9081	317	0	2.000000
9086	304	0	2.000000
9096	698	0	2.000000
9104	0	0	1.000000
9106	642	0	2.000000
9111	373	0	2.000000
9114	0	0	1.000000
9116	690	0	2.000000
9121	349	0	2.000000
9124	0	0	1.000000
9126	682	0	2.000000
9131	317	0	2.000000
9135	0	0	1.000000
9136	642	0	2.000000
9141	285	0	2.000000
9144	0	0	1.000000
9146	626	0	2.000000
9151	349	0	2.000000
9154	0	0	1.000000
9156	570	0	2.000000
9161	349	0	2.000000
9164	0	0	1.000000
9166	642	0	2.000000
9171	325	0	2.000000
9174	0	0	1.000000
9176	674	0	2.000000
9181	317	0	2.000000
9184	0	0	1.000000
9186	642	0	2.000000
9191	373	0	2.000000
9194	0	0	1.000000
9196	666	0	2.000000
9201	325	0	2.000000
9204	0	0	1.000000
9206	650	0	2.000000
9211	317	0	2.000000
9214	0	0	1.000000
9216	626	0	2.000000
9221	325	0	2.000000
9224	0	0	1.000000
9226	602	0	2.000000
9231	285	0	2.000000
9234	0	0	1.000000
9236	626	0	2.000000
9241	0	0	1.000000
9244	570	0	2.000000
9251	349	14	24.928571
9254	0	0	1.000000
9256	650	0	2.000000
9261	325	0	2.000000
9264	0	0	1.000000
9266	610	0	2.000000
9271	285	0	2.000000
9274	0	0	1.000000
9276	349	0	2.000000
9281	666	0	2.000000
9286	373	0	2.000000
9290	0	0	1.000000
9291	682	0	2.000000
9296	325	0	2.000000
9300	0	0	1.000000
9301	674	0	2.000000
9306	325	0	2.000000
9310	0	0	1.000000
9311	682	0	2.000000
9316	325	0	2.000000
9320	0	0	1.000000
9321	919	0	2.000000
9329	0	0	1.000000
9330	0	0	1.000000
9331	336	0	2.000000
9336	594	0	2.000000
9345	594	0	2.000000
9349	0	0	1.000000
9350	0	0	1.000000
9351	674	0	2.000000
9356	349	0	2.000000
9360	0	0	1.000000
9361	634	0	2.000000
9366	349	0	2.000000
9370	0	0	1.000000
9371	951	0	2.000000
9379	0	0	1.000000
9380	0	0	1.000000
9381	0	0	1.000000
9386	0	0	1.000000
9390	0	0	1.000000
9391	0	0	1.000000
9396	0	0	1.000000
9400	0	0	1.000000
9401	666	0	2.000000
9406	285	0	2.000000
9410	0	0	1.000000
9411	634	0	2.000000
9416	277	0	2.000000
9420	0	0	1.000000
9421	674	0	2.000000
9426	325	0	2.000000
9430	0	0	1.000000
9431	602	0	2.000000
9436	317	0	2.000000
9440	0	0	1.000000
9441	706	0	2.000000
9446	325	0	2.000000
9450	0	0	1.000000
9451	666	0	2.000000
9456	349	0	2.000000
9460	0	57	0.000000
9461	927	0	2.000000
9467	0	0	1.000000
9470	0	0	1.000000
9471	602	0	2.000000
9476	349	0	2.000000
9480	0	0	1.000000
9481	682	0	2.000000
9486	317	0	2.000000
9490	0	0	1.000000
9491	706	0	2.000000
9496	325	0	2.000000
9500	0	0	1.000000
9501	690	0	2.000000
9506	349	0	2.000000
9510	0	0	1.000000
9511	642	0	2.000000
9516	349	0	2.000000
9520	0	0	1.000000
9521	682	0	2.000000
9526	325	0	2.000000
9530	0	0	1.000000
9531	349	0	2.000000
9536	277	0	2.000000
9541	336	0	2.000000
9546	285	0	2.000000
9551	999	0	2.000000
9559	0	0	1.000000
9560	0	0	1.000000
9561	706	0	2.000000
9566	373	0	2.000000
9570	0	0	1.000000
9571	786	0	2.000000
9576	405	31	13.064516
9580	0	0	1.000000
9581	722	0	2.000000
9586	285	0	2.000000
9590	0	0	1.000000
9591	919	0	2.000000
9599	0	0	1.000000
9600	0	0	1.000000
9601	991	0	2.000000
9608	0	91	0.000000
9610	0	0	1.000000
9611	634	0	2.000000
9616	349	0	2.000000
9620	0	0	1.000000
9621	422	0	2.000000
9626	325	0	2.000000
9630	0	0	1.000000
9633	261	0	2.000000
9640	589	0	2.000000
9649	0	0	1.000000
9651	602	0	2.000000
9656	285	0	2.000000
9660	0	0	1.000000
9661	714	0	2.000000
9666	317	0	2.000000
9670	0	0	1.000000
9671	233	0	2.000000
9680	855	0	2.000000
9687	0	0	1.000000
9690	0	0	1.000000
9691	357	0	2.000000
9696	285	0	2.000000
9701	698	0	2.000000
9706	325	0	2.000000
9709	0	0	1.000000
9711	634	0	2.000000
9716	317	0	2.000000
9719	0	0	1.000000
9721	602	0	2.000000
9726	325	0	2.000000
9729	0	0	1.000000
9731	674	0	2.000000
9736	285	0	2.000000
9739	0	0	1.000000
9741	642	0	2.000000
9746	325	0	2.000000
9749	0	0	1.000000
9751	927	0	2.000000
9757	0	0	1.000000
9759	0	0	1.000000
9761	296	0	2.000000
9766	285	0	2.000000
9771	317	0	2.000000
9776	0	0	1.000000
9779	0	0	1.000000
9781	0	0	1.000000
9786	0	0	1.000000
9789	0	0	1.000000
9791	241	0	2.000000
9799	855	0	2.000000
9808	0	0	1.000000
9809	0	0	1.000000
9811	304	0	2.000000
9816	325	0	2.000000
9821	570	0	2.000000
9830	0	0	1.000000
9831	546	0	2.000000
9836	285	0	2.000000
9839	0	0	1.000000
9841	991	0	2.000000
9848	0	0	1.000000
9849	0	0	1.000000
9851	602	0	2.000000
9856	325	0	2.000000
9859	0	0	1.000000
9861	650	0	2.000000
9866	349	0	2.000000
9869	0	0	1.000000
9871	634	0	2.000000
9876	349	0	2.000000
9879	0	0	1.000000
9881	642	0	2.000000
9886	325	0	2.000000
9889	0	0	1.000000
9891	730	0	2.000000
9896	349	0	2.000000
9899	0	0	1.000000
9901	706	0	2.000000
9906	325	0	2.000000
9909	317	0	2.000000
9912	19	0	2.000000
9916	285	0	2.000000
9921	642	0	2.000000
9926	325	0	2.000000
9929	0	0	1.000000
9931	650	0	2.000000
9936	373	0	2.000000
9939	0	0	1.000000
9941	927	0	2.000000
9947	0	0	1.000000
9949	0	0	1.000000
9951	510	0	2.000000
9959	0	0	1.000000
9961	855	0	2.000000
9968	0	0	1.000000
9969	0	0	1.000000
9971	642	0	2.000000
9976	325	0	2.000000
9979	0	0	1.000000
9981	642	0	2.000000
9986	325	0	2.000000
9989	0	0	1.000000
9991	1087	0	2.000000
9998	0	0	1.000000
9999	0	0	1.000000
10001	634	0	2.000000
10006	325	0	2.000000
10009	0	0	1.000000
10011	714	0	2.000000
10016	317	0	2.000000
10019	0	0	1.000000
10021	325	0	2.000000
10031	698	0	2.000000
10036	277	0	2.000000
10039	0	0	1.000000
10041	706	0	2.000000
10046	325	0	2.000000
10049	0	0	1.000000
10051	634	0	2.000000
10056	317	0	2.000000
10059	0	0	1.000000
10061	991	0	2.000000
10067	0	0	1.000000
10069	0	0	1.000000
10071	674	0	2.000000
10076	325	0	2.000000
10079	0	0	1.000000
10081	682	0	2.000000
10086	325	0	2.000000
10089	0	0	1.000000
10091	895	0	2.000000
10098	0	0	1.000000
10099	0	0	1.000000
10101	991	0	2.000000
10107	0	0	1.000000
10109	0	0	1.000000
10111	304	0	2.000000
10121	562	0	2.000000
10126	325	0	2.000000
10129	0	0	1.000000
10131	610	0	2.000000
10136	325	0	2.000000
10139	0	0	1.000000
10141	674	0	2.000000
10146	357	0	2.000000
10149	0	0	1.000000
10151	610	0	2.000000
10156	349	0	2.000000
10159	0	0	1.000000
10161	0	0	1.000000
10168	0	0	1.000000
10169	0	0	1.000000
10171	0	0	1.000000
10176	0	0	1.000000
10179	0	0	1.000000
10181	674	0	2.000000
10186	373	0	2.000000
10189	0	0	1.000000
10191	570	0	2.000000
10196	317	0	2.000000
10199	0	0	1.000000
10201	618	0	2.000000
10209	0	0	1.000000
10211	634	0	2.000000
10216	285	0	2.000000
10219	0	0	1.000000
10221	674	0	2.000000
10226	349	0	2.000000
10229	0	0	1.000000
10231	666	0	2.000000
10236	325	0	2.000000
10239	0	0	1.000000
1	682	0	2.000000
6	349	0	2.000000
9	0	0	1.000000
11	698	0	2.000000
16	349	0	2.000000
19	0	0	1.000000
21	610	0	2.000000
26	325	0	2.000000
29	0	0	1.000000
31	650	0	2.000000
36	325	0	2.000000
39	0	0	1.000000
41	887	0	2.000000
49	0	0	1.000000
51	325	0	2.000000
52	0	0	1.000000
56	570	0	2.000000
61	349	0	2.000000
62	0	0	1.000000
66	682	0	2.000000
71	317	0	2.000000
72	0	0	1.000000
76	698	0	2.000000
81	357	0	2.000000
82	0	0	1.000000
86	674	0	2.000000
91	0	0	1.000000
92	698	0	2.000000
97	317	0	2.000000
101	349	0	2.000000
102	0	0	1.000000
106	714	0	2.000000
111	325	0	2.000000
112	0	0	1.000000
116	714	0	2.000000
121	0	0	1.000000
122	706	0	2.000000
127	285	0	2.000000
131	0	0	1.000000
132	999	0	2.000000
140	0	0	1.000000
141	317	0	2.000000
142	0	0	1.000000
146	602	0	2.000000
151	357	0	2.000000
152	0	0	1.000000
156	682	0	2.000000
161	285	0	2.000000
162	0	0	1.000000
166	682	0	2.000000
171	317	0	2.000000
172	0	0	1.000000
176	642	0	2.000000
181	325	0	2.000000
182	0	0	1.000000
186	674	0	2.000000
191	325	0	2.000000
192	0	0	1.000000
196	714	0	2.000000
201	349	0	2.000000
202	0	0	1.000000
206	690	0	2.000000
211	325	0	2.000000
212	0	0	1.000000
216	674	0	2.000000
221	349	0	2.000000
222	0	0	1.000000
226	570	0	2.000000
231	285	0	2.000000
232	0	0	1.000000
236	642	0	2.000000
241	325	0	2.000000
242	0	0	1.000000
246	602	0	2.000000
251	325	0	2.000000
252	0	0	1.000000
256	666	0	2.000000
261	349	0	2.000000
262	0	0	1.000000
266	690	0	2.000000
271	285	0	2.000000
272	0	0	1.000000
276	634	0	2.000000
281	285	0	2.000000
282	0	0	1.000000
286	722	0	2.000000
291	0	0	1.000000
292	0	0	1.000000
296	0	0	1.000000
301	0	0	1.000000
302	0	0	1.000000
306	0	0	1.000000
311	0	0	1.000000
312	0	0	1.000000
316	690	0	2.000000
321	349	0	2.000000
322	0	0	1.000000
326	714	0	2.000000
331	325	0	2.000000
332	0	0	1.000000
336	650	0	2.000000
341	357	0	2.000000
342	0	0	1.000000
346	344	0	2.000000
351	285	0	2.000000
356	706	0	2.000000
361	325	0	2.000000
365	0	0	1.000000
366	714	0	2.000000
371	325	0	2.000000
375	0	0	1.000000
376	690	0	2.000000
381	349	0	2.000000
385	0	0	1.000000
386	502	0	2.000000
391	0	0	1.000000
395	518	0	2.000000
402	277	0	2.000000
405	317	0	2.000000
408	19	0	2.000000
411	277	10	27.700000
416	730	0	2.000000
421	373	0	2.000000
425	0	0	1.000000
426	722	0	2.000000
431	405	0	2.000000
435	0	0	1.000000
436	674	0	2.000000
441	325	0	2.000000
445	0	0	1.000000
446	690	0	2.000000
451	325	0	2.000000
455	0	0	1.000000
456	570	0	2.000000
461	285	0	2.000000
465	0	0	1.000000
466	562	0	2.000000
471	277	0	2.000000
475	0	0	1.000000
476	602	0	2.000000
481	373	0	2.000000
485	0	0	1.000000
486	682	0	2.000000
491	373	0	2.000000
495	0	0	1.000000
496	642	0	2.000000
501	285	0	2.000000
505	0	0	1.000000
506	602	0	2.000000
511	325	0	2.000000
515	0	0	1.000000
516	690	0	2.000000
521	285	0	2.000000
525	0	0	1.000000
526	376	0	2.000000
531	285	0	2.000000
536	610	0	2.000000
541	349	0	2.000000
545	349	0	2.000000
547	0	0	1.000000
551	241	0	2.000000
556	602	0	2.000000
561	285	0	2.000000
565	0	0	1.000000
566	658	0	2.000000
571	317	0	2.000000
575	0	0	1.000000
576	372	0	2.000000
581	285	0	2.000000
585	0	0	1.000000
586	376	0	2.000000
591	285	0	2.000000
596	602	0	2.000000
601	317	0	2.000000
605	0	0	1.000000
606	706	0	2.000000
611	317	0	2.000000
615	325	0	2.000000
617	0	0	1.000000
621	277	0	2.000000
626	602	0	2.000000
631	285	0	2.000000
635	0	0	1.000000
636	634	0	2.000000
641	285	0	2.000000
645	0	0	1.000000
646	392	0	2.000000
652	594	0	2.000000
661	317	78	4.064103
665	0	0	1.000000
666	570	0	2.000000
671	285	0	2.000000
675	0	0	1.000000
676	698	0	2.000000
681	349	0	2.000000
685	0	0	1.000000
686	0	0	1.000000
691	0	0	1.000000
695	0	0	1.000000
696	0	0	1.000000
701	0	0	1.000000
705	0	0	1.000000
706	582	0	2.000000
715	349	0	2.000000
717	19	0	2.000000
721	594	0	2.000000
728	277	0	2.000000
731	317	0	2.000000
735	0	0	1.000000
736	674	0	2.000000
741	325	0	2.000000
745	0	0	1.000000
746	706	0	2.000000
751	325	0	2.000000
755	0	0	1.000000
756	674	0	2.000000
761	325	0	2.000000
765	0	0	1.000000
766	594	0	2.000000
771	277	0	2.000000
775	0	0	1.000000
776	634	0	2.000000
781	285	0	2.000000
785	0	0	1.000000
786	674	0	2.000000
791	325	0	2.000000
795	0	0	1.000000
796	317	0	2.000000
801	305	0	2.000000
806	317	0	2.000000
807	19	0	2.000000
811	285	0	2.000000
816	570	0	2.000000
821	285	0	2.000000
825	0	0	1.000000
826	714	0	2.000000
831	325	0	2.000000
835	0	0	1.000000
836	682	0	2.000000
841	357	0	2.000000
845	0	0	1.000000
846	1047	0	2.000000
854	0	0	1.000000
855	0	0	1.000000
856	642	0	2.000000
861	373	0	2.000000
865	0	0	1.000000
866	285	0	2.000000
871	630	0	2.000000
876	113	0	2.000000
879	0	0	1.000000
880	317	0	2.000000
882	19	0	2.000000
886	935	0	2.000000
895	0	0	1.000000
896	285	0	2.000000
899	0	0	1.000000
901	634	0	2.000000
906	357	0	2.000000
909	0	0	1.000000
911	602	0	2.000000
916	317	0	2.000000
919	0	0	1.000000
921	325	0	2.000000
926	373	0	2.000000
931	349	0	2.000000
936	674	0	2.000000
941	349	0	2.000000
944	0	0	1.000000
946	325	0	2.000000
951	373	0	2.000000
956	349	0	2.000000
961	350	0	2.000000
969	0	0	1.000000
971	277	0	2.000000
976	634	0	2.000000
985	0	0	1.000000
986	642	0	2.000000
991	349	0	2.000000
995	0	0	1.000000
996	562	0	2.000000
1005	277	0	2.000000
1009	19	0	2.000000
1011	642	0	2.000000
1018	357	0	2.000000
1021	325	0	2.000000
1025	0	0	1.000000
1026	574	0	2.000000
1031	357	0	2.000000
1035	0	0	1.000000
1036	642	0	2.000000
1041	325	0	2.000000
1045	0	0	1.000000
1046	373	0	2.000000
1051	610	0	2.000000
1056	285	0	2.000000
1060	0	0	1.000000
1061	642	0	2.000000
1066	325	0	2.000000
1069	0	0	1.000000
1071	674	0	2.000000
1076	349	0	2.000000
1080	0	0	1.000000
1081	650	0	2.000000
1086	317	0	2.000000
1089	0	0	1.000000
1091	634	0	2.000000
1096	285	0	2.000000
1099	0	0	1.000000
1101	317	0	2.000000
1106	0	10	0.000000
1109	0	0	1.000000
1111	0	0	1.000000
1116	0	0	1.000000
1122	317	0	2.000000
1127	0	0	1.000000
1129	309	0	2.000000
1139	554	0	2.000000
1144	277	0	2.000000
1146	317	0	2.000000
1149	0	0	1.000000
1151	682	0	2.000000
1156	349	0	2.000000
1159	0	0	1.000000
1161	730	0	2.000000
1166	349	0	2.000000
1169	0	0	1.000000
1171	570	0	2.000000
1176	357	0	2.000000
1179	0	0	1.000000
1181	714	0	2.000000
1186	325	0	2.000000
1189	0	0	1.000000
1191	610	0	2.000000
1196	325	0	2.000000
1199	0	0	1.000000
1201	730	0	2.000000
1206	373	0	2.000000
1209	0	0	1.000000
1211	682	0	2.000000
1216	349	0	2.000000
1219	0	0	1.000000
1221	666	0	2.000000
1226	349	0	2.000000
1229	0	0	1.000000
1231	682	0	2.000000
1236	325	0	2.000000
1239	0	0	1.000000
1241	682	0	2.000000
1246	325	0	2.000000
1249	0	0	1.000000
1251	634	0	2.000000
1256	349	0	2.000000
1259	0	0	1.000000
1261	943	0	2.000000
1268	0	0	1.000000
1269	0	0	1.000000
1271	602	0	2.000000
1276	317	0	2.000000
1279	0	0	1.000000
1281	642	0	2.000000
1286	317	0	2.000000
1289	0	0	1.000000
1291	634	0	2.000000
1296	373	0	2.000000
1299	0	0	1.000000
1301	682	0	2.000000
1306	373	0	2.000000
1309	0	0	1.000000
1311	570	0	2.000000
1316	317	0	2.000000
1319	0	0	1.000000
1321	706	0	2.000000
1326	349	0	2.000000
1329	0	0	1.000000
1331	373	0	2.000000
1336	674	0	2.000000
1341	349	0	2.000000
1342	0	0	1.000000
1346	674	0	2.000000
1351	349	0	2.000000
1352	0	0	1.000000
1356	754	0	2.000000
1362	0	0	1.000000
1366	570	0	2.000000
1371	349	0	2.000000
1372	0	0	1.000000
1376	674	0	2.000000
1381	0	0	1.000000
1382	698	0	2.000000
1387	317	0	2.000000
1391	373	0	2.000000
1392	0	0	1.000000
1396	682	0	2.000000
1401	325	0	2.000000
1402	0	0	1.000000
1406	634	0	2.000000
1411	349	0	2.000000
1412	0	0	1.000000
1416	674	0	2.000000
1421	373	0	2.000000
1423	373	0	2.000000
1427	389	0	2.000000
1431	317	0	2.000000
1433	0	0	1.000000
1436	698	0	2.000000
1441	325	0	2.000000
1443	0	0	1.000000
1446	706	0	2.000000
1451	349	0	2.000000
1453	0	0	1.000000
1456	786	0	2.000000
1461	373	0	2.000000
1463	0	0	1.000000
1466	674	0	2.000000
1471	285	0	2.000000
1473	0	0	1.000000
1476	682	0	2.000000
1481	349	0	2.000000
1483	0	0	1.000000
1486	690	0	2.000000
1491	325	0	2.000000
1493	0	0	1.000000
1496	674	0	2.000000
1501	373	0	2.000000
1503	0	0	1.000000
1506	349	0	2.000000
1511	0	0	1.000000
1513	0	0	1.000000
1516	0	0	1.000000
1521	0	0	1.000000
1523	0	0	1.000000
1526	285	0	2.000000
1531	285	0	2.000000
1533	0	0	1.000000
1536	714	0	2.000000
1541	0	0	1.000000
1543	634	0	2.000000
1548	325	0	2.000000
1551	0	0	1.000000
1553	879	0	2.000000
1560	0	0	1.000000
1561	141	0	2.000000
1563	0	0	1.000000
1566	722	0	2.000000
1571	357	0	2.000000
1573	0	0	1.000000
1576	690	0	2.000000
1581	349	0	2.000000
1583	0	0	1.000000
1586	602	0	2.000000
1591	325	0	2.000000
1593	0	0	1.000000
1596	706	0	2.000000
1601	349	0	2.000000
1603	0	0	1.000000
1606	690	0	2.000000
1611	349	0	2.000000
1613	0	0	1.000000
1616	666	0	2.000000
1621	325	0	2.000000
1623	0	0	1.000000
1626	682	0	2.000000
1631	277	0	2.000000
1633	0	0	1.000000
1636	602	0	2.000000
1641	317	0	2.000000
1643	0	0	1.000000
1646	285	0	2.000000
1651	642	0	2.000000
1656	437	0	2.000000
1658	0	0	1.000000
1661	706	0	2.000000
1666	437	0	2.000000
1668	0	0	1.000000
1671	706	0	2.000000
1676	437	0	2.000000
1678	0	0	1.000000
1681	666	0	2.000000
1686	373	0	2.000000
1688	0	0	1.000000
1691	722	0	2.000000
1696	349	0	2.000000
1698	0	0	1.000000
1701	642	0	2.000000
1706	325	0	2.000000
1708	0	0	1.000000
1711	1007	0	2.000000
1717	0	0	1.000000
1718	0	0	1.000000
1721	570	0	2.000000
1726	285	0	2.000000
1730	0	0	1.000000
1731	674	0	2.000000
1736	317	78	4.064103
1740	0	0	1.000000
1741	642	0	2.000000
1746	349	0	2.000000
1750	0	0	1.000000
1751	722	0	2.000000
1756	373	0	2.000000
1760	0	0	1.000000
1761	357	0	2.000000
1771	642	0	2.000000
1776	349	0	2.000000
1780	0	0	1.000000
1781	714	0	2.000000
1786	325	0	2.000000
1790	0	0	1.000000
1791	730	0	2.000000
1796	325	0	2.000000
1800	325	0	2.000000
1802	317	0	2.000000
1806	325	0	2.000000
1810	0	0	1.000000
1811	682	0	2.000000
1816	373	0	2.000000
1820	0	0	1.000000
1821	373	0	2.000000
1826	698	0	2.000000
1831	317	0	2.000000
1833	0	0	1.000000
1836	610	0	2.000000
1841	317	0	2.000000
1843	0	0	1.000000
1846	613	0	2.000000
1852	0	0	1.000000
1856	602	0	2.000000
1861	317	0	2.000000
1863	0	0	1.000000
1866	666	0	2.000000
1871	405	0	2.000000
1873	0	0	1.000000
1876	666	0	2.000000
1881	325	0	2.000000
1883	0	0	1.000000
1886	698	0	2.000000
1891	0	0	1.000000
1893	0	0	1.000000
1896	0	0	1.000000
1901	0	0	1.000000
1903	0	0	1.000000
1906	0	0	1.000000
1911	373	0	2.000000
1913	0	0	1.000000
1916	690	0	2.000000
1923	0	0	1.000000
1926	674	0	2.000000
1931	357	0	2.000000
1933	0	0	1.000000
1936	722	0	2.000000
1941	357	0	2.000000
1943	0	0	1.000000
1946	673	0	2.000000
1951	349	0	2.000000
1953	0	0	1.000000
1955	0	0	1.000000
1956	602	0	2.000000
1961	285	0	2.000000
1963	0	0	1.000000
1966	634	0	2.000000
1971	285	0	2.000000
1973	0	0	1.000000
1976	602	0	2.000000
1981	285	0	2.000000
1983	0	0	1.000000
1986	602	0	2.000000
1991	325	0	2.000000
1993	0	0	1.000000
1996	674	0	2.000000
2001	405	0	2.000000
2003	0	0	1.000000
2006	642	0	2.000000
2011	437	0	2.000000
2013	0	0	1.000000
2016	602	0	2.000000
2021	317	0	2.000000
2023	0	0	1.000000
2026	325	0	2.000000
2031	325	0	2.000000
2036	349	0	2.000000
2041	674	0	2.000000
2049	0	0	1.000000
2051	325	0	2.000000
2056	349	0	2.000000
2061	674	0	2.000000
2066	317	0	2.000000
2067	0	0	1.000000
2071	634	0	2.000000
2076	317	0	2.000000
2077	0	0	1.000000
2081	682	0	2.000000
2086	357	0	2.000000
2087	0	0	1.000000
2091	762	0	2.000000
2096	373	0	2.000000
2097	0	0	1.000000
2101	666	0	2.000000
2106	373	0	2.000000
2107	0	0	1.000000
2111	317	0	2.000000
2116	666	0	2.000000
2121	317	0	2.000000
2124	0	0	1.000000
2126	674	0	2.000000
2131	325	0	2.000000
2134	0	0	1.000000
2136	325	0	2.000000
2141	349	0	2.000000
2146	325	0	2.000000
2151	357	0	2.000000
2156	762	0	2.000000
2161	317	0	2.000000
2163	0	0	1.000000
2166	1007	0	2.000000
2172	0	0	1.000000
2175	0	0	1.000000
2176	642	0	2.000000
2181	349	0	2.000000
2185	0	0	1.000000
2186	634	0	2.000000
2191	349	0	2.000000
2195	0	0	1.000000
2196	714	0	2.000000
2201	325	0	2.000000
2205	0	0	1.000000
2206	317	0	2.000000
2211	642	0	2.000000
2216	317	0	2.000000
2218	0	0	1.000000
2221	317	0	2.000000
2226	349	0	2.000000
2231	405	0	2.000000
2236	349	0	2.000000
2241	285	0	2.000000
2246	317	0	2.000000
2251	285	0	2.000000
2256	437	0	2.000000
2261	325	0	2.000000
2266	317	0	2.000000
2271	285	0	2.000000
2276	317	0	2.000000
2281	373	0	2.000000
2286	634	0	2.000000
2291	317	0	2.000000
2293	0	0	1.000000
2296	674	0	2.000000
2301	317	0	2.000000
2304	0	0	1.000000
2306	730	0	2.000000
2311	349	0	2.000000
2314	0	0	1.000000
2316	634	78	8.128205
2321	325	0	2.000000
2324	0	0	1.000000
2326	626	0	2.000000
2331	317	0	2.000000
2334	0	0	1.000000
2336	666	0	2.000000
2341	317	0	2.000000
2344	0	0	1.000000
2346	634	0	2.000000
2351	325	0	2.000000
2354	0	0	1.000000
2356	714	0	2.000000
2361	349	0	2.000000
2364	0	0	1.000000
2366	730	0	2.000000
2371	325	0	2.000000
2374	0	0	1.000000
2376	674	0	2.000000
2381	349	0	2.000000
2384	0	0	1.000000
2386	437	0	2.000000
2391	344	0	2.000000
2396	357	0	2.000000
2403	967	0	2.000000
2408	0	0	1.000000
2409	0	0	1.000000
2411	706	0	2.000000
2416	357	0	2.000000
2419	0	0	1.000000
2421	842	0	2.000000
2426	373	0	2.000000
2429	0	0	1.000000
2431	754	0	2.000000
2436	373	0	2.000000
2439	0	0	1.000000
2441	325	0	2.000000
2446	706	0	2.000000
2451	349	0	2.000000
2454	0	0	1.000000
2456	317	0	2.000000
2461	317	0	2.000000
2466	634	0	2.000000
2471	317	0	2.000000
2475	0	0	1.000000
2476	602	0	2.000000
2481	317	0	2.000000
2484	0	0	1.000000
2486	674	0	2.000000
2491	349	0	2.000000
2494	0	0	1.000000
2496	658	0	2.000000
2501	269	0	2.000000
2505	325	0	2.000000
2507	357	0	2.000000
2511	349	0	2.000000
2514	0	0	1.000000
2516	674	0	2.000000
2521	325	0	2.000000
2524	0	0	1.000000
2526	682	0	2.000000
2531	357	0	2.000000
2534	0	0	1.000000
2536	349	0	2.000000
2541	690	0	2.000000
2546	373	0	2.000000
2549	0	0	1.000000
2551	674	0	2.000000
2556	373	0	2.000000
2559	0	0	1.000000
2561	1167	0	2.000000
2567	0	0	1.000000
2569	0	0	1.000000
2571	706	0	2.000000
2576	373	0	2.000000
2580	0	0	1.000000
2581	650	0	2.000000
2586	373	0	2.000000
2590	0	0	1.000000
2591	682	0	2.000000
2596	325	0	2.000000
2600	0	0	1.000000
2601	285	0	2.000000
2606	634	0	2.000000
2611	325	0	2.000000
2614	0	0	1.000000
2616	1047	0	2.000000
2622	0	0	1.000000
2624	0	0	1.000000
2626	634	0	2.000000
2631	373	0	2.000000
2634	0	0	1.000000
2636	714	0	2.000000
2641	317	0	2.000000
2644	0	0	1.000000
2646	642	0	2.000000
2651	325	0	2.000000
2654	0	0	1.000000
2656	706	0	2.000000
2661	325	0	2.000000
2664	0	0	1.000000
2666	682	0	2.000000
2671	317	0	2.000000
2674	0	0	1.000000
2676	1079	0	2.000000
2682	0	0	1.000000
2684	0	0	1.000000
2686	690	0	2.000000
2691	285	0	2.000000
2695	0	0	1.000000
2696	626	0	2.000000
2701	357	0	2.000000
2704	0	0	1.000000
2706	887	0	2.000000
2713	0	0	1.000000
2715	285	0	2.000000
2717	0	0	1.000000
2721	738	0	2.000000
2726	405	0	2.000000
2727	0	0	1.000000
2731	634	0	2.000000
2736	349	0	2.000000
2737	0	0	1.000000
2741	722	0	2.000000
2746	349	0	2.000000
2747	0	0	1.000000
2751	642	0	2.000000
2756	0	0	1.000000
2757	325	0	2.000000
2763	0	0	1.000000
2766	0	0	1.000000
2767	0	0	1.000000
2771	0	0	1.000000
2776	0	0	1.000000
2777	0	0	1.000000
2781	714	0	2.000000
2786	325	0	2.000000
2788	0	0	1.000000
2791	682	0	2.000000
2796	317	0	2.000000
2798	0	0	1.000000
2801	991	125	7.928000
2807	0	0	1.000000
2808	0	0	1.000000
2811	285	0	2.000000
2816	357	0	2.000000
2821	317	0	2.000000
2826	317	0	2.000000
2831	317	0	2.000000
2836	277	0	2.000000
2841	325	0	2.000000
2846	317	0	2.000000
2851	570	0	2.000000
2860	0	0	1.000000
2861	722	0	2.000000
2869	0	0	1.000000
2871	405	0	2.000000
2876	285	0	2.000000
2881	634	0	2.000000
2890	0	0	1.000000
2891	309	0	2.000000
2900	368	0	2.000000
2911	349	67	5.208955
2916	373	0	2.000000
2921	842	0	2.000000
2926	285	0	2.000000
2928	0	0	1.000000
2931	698	0	2.000000
2936	405	0	2.000000
2938	0	0	1.000000
2941	746	0	2.000000
2946	357	0	2.000000
2948	0	0	1.000000
2951	706	0	2.000000
2956	325	0	2.000000
2958	0	0	1.000000
2961	919	0	2.000000
2967	0	0	1.000000
2968	0	0	1.000000
2971	642	0	2.000000
2976	325	0	2.000000
2978	0	0	1.000000
2981	642	0	2.000000
2986	325	0	2.000000
2988	0	0	1.000000
2991	602	0	2.000000
2996	285	0	2.000000
2999	0	0	1.000000
3001	666	0	2.000000
3006	349	0	2.000000
3009	0	0	1.000000
3011	602	0	2.000000
3016	285	0	2.000000
3020	0	0	1.000000
3021	285	0	2.000000
3026	602	0	2.000000
3031	317	78	4.064103
3033	0	0	1.000000
3036	634	0	2.000000
3041	0	0	1.000000
3043	658	0	2.000000
3048	357	0	2.000000
3051	317	0	2.000000
3053	0	0	1.000000
3056	674	0	2.000000
3061	325	0	2.000000
3063	0	0	1.000000
3066	570	0	2.000000
3071	317	0	2.000000
3073	0	0	1.000000
3076	570	0	2.000000
3081	285	0	2.000000
3083	0	0	1.000000
3086	570	0	2.000000
3091	317	0	2.000000
3093	0	0	1.000000
3096	666	0	2.000000
3101	349	0	2.000000
3103	0	0	1.000000
3106	674	0	2.000000
3111	349	0	2.000000
3113	0	0	1.000000
3116	658	0	2.000000
3121	325	0	2.000000
3123	0	0	1.000000
3126	642	0	2.000000
3131	325	0	2.000000
3133	0	0	1.000000
3136	570	0	2.000000
3141	349	0	2.000000
3143	0	0	1.000000
3146	666	0	2.000000
3151	317	0	2.000000
3153	0	0	1.000000
3156	602	0	2.000000
3161	373	0	2.000000
3163	0	0	1.000000
3166	666	0	2.000000
3171	0	0	1.000000
3173	0	0	1.000000
3176	0	0	1.000000
3181	0	0	1.000000
3183	0	0	1.000000
3186	0	0	1.000000
3191	277	0	2.000000
3193	0	0	1.000000
3196	610	0	2.000000
3201	325	0	2.000000
3203	0	0	1.000000
3206	871	0	2.000000
3212	0	0	1.000000
3213	0	0	1.000000
3216	642	0	2.000000
3221	349	0	2.000000
3223	0	0	1.000000
3226	706	0	2.000000
3231	373	0	2.000000
3233	0	0	1.000000
3236	762	0	2.000000
3241	373	0	2.000000
3243	0	0	1.000000
3246	534	0	2.000000
3251	349	0	2.000000
3253	0	0	1.000000
3256	722	0	2.000000
3261	0	0	1.000000
3263	634	0	2.000000
3268	285	0	2.000000
3271	317	0	2.000000
3273	0	0	1.000000
3276	682	0	2.000000
3281	373	0	2.000000
3283	0	0	1.000000
3286	674	0	2.000000
3291	317	0	2.000000
3293	0	0	1.000000
3296	674	0	2.000000
3301	349	0	2.000000
3303	0	0	1.000000
3306	706	0	2.000000
3311	325	0	2.000000
3313	0	0	1.000000
3316	325	0	2.000000
3321	666	0	2.000000
3326	349	0	2.000000
3328	0	0	1.000000
3331	325	0	2.000000
3336	373	0	2.000000
3341	357	0	2.000000
3346	325	78	4.166667
3351	368	0	2.000000
3361	325	0	2.000000
3366	277	0	2.000000
3371	357	0	2.000000
3376	349	0	2.000000
3381	325	0	2.000000
3386	349	0	2.000000
3391	349	0	2.000000
3396	317	0	2.000000
3401	277	0	2.000000
3406	277	0	2.000000
3411	309	0	2.000000
3416	317	0	2.000000
3421	285	0	2.000000
3426	285	0	2.000000
